4 1.9270833333e+03 2.5000000000e+03 0 97 98 1 -1 96 1 864
4 5.7812500000e+03 2.5000000000e+03 1 98 99 2 0 97 2 865
4 9.6354166667e+03 2.5000000000e+03 2 99 100 3 1 98 3 866
4 1.3489583333e+04 2.5000000000e+03 3 100 101 4 2 99 4 867
4 1.7343750000e+04 2.5000000000e+03 4 101 102 5 3 100 5 868
4 2.1197916667e+04 2.5000000000e+03 5 102 103 6 4 101 6 869
4 2.5052083333e+04 2.5000000000e+03 6 103 104 7 5 102 7 870
4 2.8906250000e+04 2.5000000000e+03 7 104 105 8 6 103 8 871
4 3.2760416667e+04 2.5000000000e+03 8 105 106 9 7 104 9 872
4 3.6614583333e+04 2.5000000000e+03 9 106 107 10 8 105 10 873
4 4.0468750000e+04 2.5000000000e+03 10 107 108 11 9 106 11 874
4 4.4322916667e+04 2.5000000000e+03 11 108 109 12 10 107 12 875
4 4.8177083333e+04 2.5000000000e+03 12 109 110 13 11 108 13 876
4 5.2031250000e+04 2.5000000000e+03 13 110 111 14 12 109 14 877
4 5.5885416667e+04 2.5000000000e+03 14 111 112 15 13 110 15 878
4 5.9739583333e+04 2.5000000000e+03 15 112 113 16 14 111 16 879
4 6.3593750000e+04 2.5000000000e+03 16 113 114 17 15 112 17 880
4 6.7447916667e+04 2.5000000000e+03 17 114 115 18 16 113 18 881
4 7.1302083333e+04 2.5000000000e+03 18 115 116 19 17 114 19 882
4 7.5156250000e+04 2.5000000000e+03 19 116 117 20 18 115 20 883
4 7.9010416667e+04 2.5000000000e+03 20 117 118 21 19 116 21 884
4 8.2864583333e+04 2.5000000000e+03 21 118 119 22 20 117 22 885
4 8.6718750000e+04 2.5000000000e+03 22 119 120 23 21 118 23 886
4 9.0572916667e+04 2.5000000000e+03 23 120 121 24 22 119 24 887
4 9.4427083333e+04 2.5000000000e+03 24 121 122 25 23 120 25 888
4 9.8281250000e+04 2.5000000000e+03 25 122 123 26 24 121 26 889
4 1.0213541667e+05 2.5000000000e+03 26 123 124 27 25 122 27 890
4 1.0598958333e+05 2.5000000000e+03 27 124 125 28 26 123 28 891
4 1.0984375000e+05 2.5000000000e+03 28 125 126 29 27 124 29 892
4 1.1369791667e+05 2.5000000000e+03 29 126 127 30 28 125 30 893
4 1.1755208333e+05 2.5000000000e+03 30 127 128 31 29 126 31 894
4 1.2140625000e+05 2.5000000000e+03 31 128 129 32 30 127 32 895
4 1.2526041667e+05 2.5000000000e+03 32 129 130 33 31 128 33 896
4 1.2911458333e+05 2.5000000000e+03 33 130 131 34 32 129 34 897
4 1.3296875000e+05 2.5000000000e+03 34 131 132 35 33 130 35 898
4 1.3682291667e+05 2.5000000000e+03 35 132 133 36 34 131 36 899
4 1.4067708333e+05 2.5000000000e+03 36 133 134 37 35 132 37 900
4 1.4453125000e+05 2.5000000000e+03 37 134 135 38 36 133 38 901
4 1.4838541667e+05 2.5000000000e+03 38 135 136 39 37 134 39 902
4 1.5223958333e+05 2.5000000000e+03 39 136 137 40 38 135 40 903
4 1.5609375000e+05 2.5000000000e+03 40 137 138 41 39 136 41 904
4 1.5994791667e+05 2.5000000000e+03 41 138 139 42 40 137 42 905
4 1.6380208333e+05 2.5000000000e+03 42 139 140 43 41 138 43 906
4 1.6765625000e+05 2.5000000000e+03 43 140 141 44 42 139 44 907
4 1.7151041667e+05 2.5000000000e+03 44 141 142 45 43 140 45 908
4 1.7536458333e+05 2.5000000000e+03 45 142 143 46 44 141 46 909
4 1.7921875000e+05 2.5000000000e+03 46 143 144 47 45 142 47 910
4 1.8307291667e+05 2.5000000000e+03 47 144 145 48 46 143 48 911
4 1.8692708333e+05 2.5000000000e+03 48 145 146 49 47 144 49 912
4 1.9078125000e+05 2.5000000000e+03 49 146 147 50 48 145 50 913
4 1.9463541667e+05 2.5000000000e+03 50 147 148 51 49 146 51 914
4 1.9848958333e+05 2.5000000000e+03 51 148 149 52 50 147 52 915
4 2.0234375000e+05 2.5000000000e+03 52 149 150 53 51 148 53 916
4 2.0619791667e+05 2.5000000000e+03 53 150 151 54 52 149 54 917
4 2.1005208333e+05 2.5000000000e+03 54 151 152 55 53 150 55 918
4 2.1390625000e+05 2.5000000000e+03 55 152 153 56 54 151 56 919
4 2.1776041667e+05 2.5000000000e+03 56 153 154 57 55 152 57 920
4 2.2161458333e+05 2.5000000000e+03 57 154 155 58 56 153 58 921
4 2.2546875000e+05 2.5000000000e+03 58 155 156 59 57 154 59 922
4 2.2932291667e+05 2.5000000000e+03 59 156 157 60 58 155 60 923
4 2.3317708333e+05 2.5000000000e+03 60 157 158 61 59 156 61 924
4 2.3703125000e+05 2.5000000000e+03 61 158 159 62 60 157 62 925
4 2.4088541667e+05 2.5000000000e+03 62 159 160 63 61 158 63 926
4 2.4473958333e+05 2.5000000000e+03 63 160 161 64 62 159 64 927
4 2.4859375000e+05 2.5000000000e+03 64 161 162 65 63 160 65 928
4 2.5244791667e+05 2.5000000000e+03 65 162 163 66 64 161 66 929
4 2.5630208333e+05 2.5000000000e+03 66 163 164 67 65 162 67 930
4 2.6015625000e+05 2.5000000000e+03 67 164 165 68 66 163 68 931
4 2.6401041667e+05 2.5000000000e+03 68 165 166 69 67 164 69 932
4 2.6786458333e+05 2.5000000000e+03 69 166 167 70 68 165 70 933
4 2.7171875000e+05 2.5000000000e+03 70 167 168 71 69 166 71 934
4 2.7557291667e+05 2.5000000000e+03 71 168 169 72 70 167 72 935
4 2.7942708333e+05 2.5000000000e+03 72 169 170 73 71 168 73 936
4 2.8328125000e+05 2.5000000000e+03 73 170 171 74 72 169 74 937
4 2.8713541667e+05 2.5000000000e+03 74 171 172 75 73 170 75 938
4 2.9098958333e+05 2.5000000000e+03 75 172 173 76 74 171 76 939
4 2.9484375000e+05 2.5000000000e+03 76 173 174 77 75 172 77 940
4 2.9869791667e+05 2.5000000000e+03 77 174 175 78 76 173 78 941
4 3.0255208333e+05 2.5000000000e+03 78 175 176 79 77 174 79 942
4 3.0640625000e+05 2.5000000000e+03 79 176 177 80 78 175 80 943
4 3.1026041667e+05 2.5000000000e+03 80 177 178 81 79 176 81 944
4 3.1411458333e+05 2.5000000000e+03 81 178 179 82 80 177 82 945
4 3.1796875000e+05 2.5000000000e+03 82 179 180 83 81 178 83 946
4 3.2182291667e+05 2.5000000000e+03 83 180 181 84 82 179 84 947
4 3.2567708333e+05 2.5000000000e+03 84 181 182 85 83 180 85 948
4 3.2953125000e+05 2.5000000000e+03 85 182 183 86 84 181 86 949
4 3.3338541667e+05 2.5000000000e+03 86 183 184 87 85 182 87 950
4 3.3723958333e+05 2.5000000000e+03 87 184 185 88 86 183 88 951
4 3.4109375000e+05 2.5000000000e+03 88 185 186 89 87 184 89 952
4 3.4494791667e+05 2.5000000000e+03 89 186 187 90 88 185 90 953
4 3.4880208333e+05 2.5000000000e+03 90 187 188 91 89 186 91 954
4 3.5265625000e+05 2.5000000000e+03 91 188 189 92 90 187 92 955
4 3.5651041667e+05 2.5000000000e+03 92 189 190 93 91 188 93 956
4 3.6036458333e+05 2.5000000000e+03 93 190 191 94 92 189 94 957
4 3.6421875000e+05 2.5000000000e+03 94 191 192 95 93 190 95 958
4 3.6807291667e+05 2.5000000000e+03 95 192 193 96 94 191 -1 959
4 1.9270833333e+03 7.5000000000e+03 97 194 195 98 -1 192 97 0
4 5.7812500000e+03 7.5000000000e+03 98 195 196 99 96 193 98 1
4 9.6354166667e+03 7.5000000000e+03 99 196 197 100 97 194 99 2
4 1.3489583333e+04 7.5000000000e+03 100 197 198 101 98 195 100 3
4 1.7343750000e+04 7.5000000000e+03 101 198 199 102 99 196 101 4
4 2.1197916667e+04 7.5000000000e+03 102 199 200 103 100 197 102 5
4 2.5052083333e+04 7.5000000000e+03 103 200 201 104 101 198 103 6
4 2.8906250000e+04 7.5000000000e+03 104 201 202 105 102 199 104 7
4 3.2760416667e+04 7.5000000000e+03 105 202 203 106 103 200 105 8
4 3.6614583333e+04 7.5000000000e+03 106 203 204 107 104 201 106 9
4 4.0468750000e+04 7.5000000000e+03 107 204 205 108 105 202 107 10
4 4.4322916667e+04 7.5000000000e+03 108 205 206 109 106 203 108 11
4 4.8177083333e+04 7.5000000000e+03 109 206 207 110 107 204 109 12
4 5.2031250000e+04 7.5000000000e+03 110 207 208 111 108 205 110 13
4 5.5885416667e+04 7.5000000000e+03 111 208 209 112 109 206 111 14
4 5.9739583333e+04 7.5000000000e+03 112 209 210 113 110 207 112 15
4 6.3593750000e+04 7.5000000000e+03 113 210 211 114 111 208 113 16
4 6.7447916667e+04 7.5000000000e+03 114 211 212 115 112 209 114 17
4 7.1302083333e+04 7.5000000000e+03 115 212 213 116 113 210 115 18
4 7.5156250000e+04 7.5000000000e+03 116 213 214 117 114 211 116 19
4 7.9010416667e+04 7.5000000000e+03 117 214 215 118 115 212 117 20
4 8.2864583333e+04 7.5000000000e+03 118 215 216 119 116 213 118 21
4 8.6718750000e+04 7.5000000000e+03 119 216 217 120 117 214 119 22
4 9.0572916667e+04 7.5000000000e+03 120 217 218 121 118 215 120 23
4 9.4427083333e+04 7.5000000000e+03 121 218 219 122 119 216 121 24
4 9.8281250000e+04 7.5000000000e+03 122 219 220 123 120 217 122 25
4 1.0213541667e+05 7.5000000000e+03 123 220 221 124 121 218 123 26
4 1.0598958333e+05 7.5000000000e+03 124 221 222 125 122 219 124 27
4 1.0984375000e+05 7.5000000000e+03 125 222 223 126 123 220 125 28
4 1.1369791667e+05 7.5000000000e+03 126 223 224 127 124 221 126 29
4 1.1755208333e+05 7.5000000000e+03 127 224 225 128 125 222 127 30
4 1.2140625000e+05 7.5000000000e+03 128 225 226 129 126 223 128 31
4 1.2526041667e+05 7.5000000000e+03 129 226 227 130 127 224 129 32
4 1.2911458333e+05 7.5000000000e+03 130 227 228 131 128 225 130 33
4 1.3296875000e+05 7.5000000000e+03 131 228 229 132 129 226 131 34
4 1.3682291667e+05 7.5000000000e+03 132 229 230 133 130 227 132 35
4 1.4067708333e+05 7.5000000000e+03 133 230 231 134 131 228 133 36
4 1.4453125000e+05 7.5000000000e+03 134 231 232 135 132 229 134 37
4 1.4838541667e+05 7.5000000000e+03 135 232 233 136 133 230 135 38
4 1.5223958333e+05 7.5000000000e+03 136 233 234 137 134 231 136 39
4 1.5609375000e+05 7.5000000000e+03 137 234 235 138 135 232 137 40
4 1.5994791667e+05 7.5000000000e+03 138 235 236 139 136 233 138 41
4 1.6380208333e+05 7.5000000000e+03 139 236 237 140 137 234 139 42
4 1.6765625000e+05 7.5000000000e+03 140 237 238 141 138 235 140 43
4 1.7151041667e+05 7.5000000000e+03 141 238 239 142 139 236 141 44
4 1.7536458333e+05 7.5000000000e+03 142 239 240 143 140 237 142 45
4 1.7921875000e+05 7.5000000000e+03 143 240 241 144 141 238 143 46
4 1.8307291667e+05 7.5000000000e+03 144 241 242 145 142 239 144 47
4 1.8692708333e+05 7.5000000000e+03 145 242 243 146 143 240 145 48
4 1.9078125000e+05 7.5000000000e+03 146 243 244 147 144 241 146 49
4 1.9463541667e+05 7.5000000000e+03 147 244 245 148 145 242 147 50
4 1.9848958333e+05 7.5000000000e+03 148 245 246 149 146 243 148 51
4 2.0234375000e+05 7.5000000000e+03 149 246 247 150 147 244 149 52
4 2.0619791667e+05 7.5000000000e+03 150 247 248 151 148 245 150 53
4 2.1005208333e+05 7.5000000000e+03 151 248 249 152 149 246 151 54
4 2.1390625000e+05 7.5000000000e+03 152 249 250 153 150 247 152 55
4 2.1776041667e+05 7.5000000000e+03 153 250 251 154 151 248 153 56
4 2.2161458333e+05 7.5000000000e+03 154 251 252 155 152 249 154 57
4 2.2546875000e+05 7.5000000000e+03 155 252 253 156 153 250 155 58
4 2.2932291667e+05 7.5000000000e+03 156 253 254 157 154 251 156 59
4 2.3317708333e+05 7.5000000000e+03 157 254 255 158 155 252 157 60
4 2.3703125000e+05 7.5000000000e+03 158 255 256 159 156 253 158 61
4 2.4088541667e+05 7.5000000000e+03 159 256 257 160 157 254 159 62
4 2.4473958333e+05 7.5000000000e+03 160 257 258 161 158 255 160 63
4 2.4859375000e+05 7.5000000000e+03 161 258 259 162 159 256 161 64
4 2.5244791667e+05 7.5000000000e+03 162 259 260 163 160 257 162 65
4 2.5630208333e+05 7.5000000000e+03 163 260 261 164 161 258 163 66
4 2.6015625000e+05 7.5000000000e+03 164 261 262 165 162 259 164 67
4 2.6401041667e+05 7.5000000000e+03 165 262 263 166 163 260 165 68
4 2.6786458333e+05 7.5000000000e+03 166 263 264 167 164 261 166 69
4 2.7171875000e+05 7.5000000000e+03 167 264 265 168 165 262 167 70
4 2.7557291667e+05 7.5000000000e+03 168 265 266 169 166 263 168 71
4 2.7942708333e+05 7.5000000000e+03 169 266 267 170 167 264 169 72
4 2.8328125000e+05 7.5000000000e+03 170 267 268 171 168 265 170 73
4 2.8713541667e+05 7.5000000000e+03 171 268 269 172 169 266 171 74
4 2.9098958333e+05 7.5000000000e+03 172 269 270 173 170 267 172 75
4 2.9484375000e+05 7.5000000000e+03 173 270 271 174 171 268 173 76
4 2.9869791667e+05 7.5000000000e+03 174 271 272 175 172 269 174 77
4 3.0255208333e+05 7.5000000000e+03 175 272 273 176 173 270 175 78
4 3.0640625000e+05 7.5000000000e+03 176 273 274 177 174 271 176 79
4 3.1026041667e+05 7.5000000000e+03 177 274 275 178 175 272 177 80
4 3.1411458333e+05 7.5000000000e+03 178 275 276 179 176 273 178 81
4 3.1796875000e+05 7.5000000000e+03 179 276 277 180 177 274 179 82
4 3.2182291667e+05 7.5000000000e+03 180 277 278 181 178 275 180 83
4 3.2567708333e+05 7.5000000000e+03 181 278 279 182 179 276 181 84
4 3.2953125000e+05 7.5000000000e+03 182 279 280 183 180 277 182 85
4 3.3338541667e+05 7.5000000000e+03 183 280 281 184 181 278 183 86
4 3.3723958333e+05 7.5000000000e+03 184 281 282 185 182 279 184 87
4 3.4109375000e+05 7.5000000000e+03 185 282 283 186 183 280 185 88
4 3.4494791667e+05 7.5000000000e+03 186 283 284 187 184 281 186 89
4 3.4880208333e+05 7.5000000000e+03 187 284 285 188 185 282 187 90
4 3.5265625000e+05 7.5000000000e+03 188 285 286 189 186 283 188 91
4 3.5651041667e+05 7.5000000000e+03 189 286 287 190 187 284 189 92
4 3.6036458333e+05 7.5000000000e+03 190 287 288 191 188 285 190 93
4 3.6421875000e+05 7.5000000000e+03 191 288 289 192 189 286 191 94
4 3.6807291667e+05 7.5000000000e+03 192 289 290 193 190 287 -1 95
4 1.9270833333e+03 1.2500000000e+04 194 291 292 195 -1 288 193 96
4 5.7812500000e+03 1.2500000000e+04 195 292 293 196 192 289 194 97
4 9.6354166667e+03 1.2500000000e+04 196 293 294 197 193 290 195 98
4 1.3489583333e+04 1.2500000000e+04 197 294 295 198 194 291 196 99
4 1.7343750000e+04 1.2500000000e+04 198 295 296 199 195 292 197 100
4 2.1197916667e+04 1.2500000000e+04 199 296 297 200 196 293 198 101
4 2.5052083333e+04 1.2500000000e+04 200 297 298 201 197 294 199 102
4 2.8906250000e+04 1.2500000000e+04 201 298 299 202 198 295 200 103
4 3.2760416667e+04 1.2500000000e+04 202 299 300 203 199 296 201 104
4 3.6614583333e+04 1.2500000000e+04 203 300 301 204 200 297 202 105
4 4.0468750000e+04 1.2500000000e+04 204 301 302 205 201 298 203 106
4 4.4322916667e+04 1.2500000000e+04 205 302 303 206 202 299 204 107
4 4.8177083333e+04 1.2500000000e+04 206 303 304 207 203 300 205 108
4 5.2031250000e+04 1.2500000000e+04 207 304 305 208 204 301 206 109
4 5.5885416667e+04 1.2500000000e+04 208 305 306 209 205 302 207 110
4 5.9739583333e+04 1.2500000000e+04 209 306 307 210 206 303 208 111
4 6.3593750000e+04 1.2500000000e+04 210 307 308 211 207 304 209 112
4 6.7447916667e+04 1.2500000000e+04 211 308 309 212 208 305 210 113
4 7.1302083333e+04 1.2500000000e+04 212 309 310 213 209 306 211 114
4 7.5156250000e+04 1.2500000000e+04 213 310 311 214 210 307 212 115
4 7.9010416667e+04 1.2500000000e+04 214 311 312 215 211 308 213 116
4 8.2864583333e+04 1.2500000000e+04 215 312 313 216 212 309 214 117
4 8.6718750000e+04 1.2500000000e+04 216 313 314 217 213 310 215 118
4 9.0572916667e+04 1.2500000000e+04 217 314 315 218 214 311 216 119
4 9.4427083333e+04 1.2500000000e+04 218 315 316 219 215 312 217 120
4 9.8281250000e+04 1.2500000000e+04 219 316 317 220 216 313 218 121
4 1.0213541667e+05 1.2500000000e+04 220 317 318 221 217 314 219 122
4 1.0598958333e+05 1.2500000000e+04 221 318 319 222 218 315 220 123
4 1.0984375000e+05 1.2500000000e+04 222 319 320 223 219 316 221 124
4 1.1369791667e+05 1.2500000000e+04 223 320 321 224 220 317 222 125
4 1.1755208333e+05 1.2500000000e+04 224 321 322 225 221 318 223 126
4 1.2140625000e+05 1.2500000000e+04 225 322 323 226 222 319 224 127
4 1.2526041667e+05 1.2500000000e+04 226 323 324 227 223 320 225 128
4 1.2911458333e+05 1.2500000000e+04 227 324 325 228 224 321 226 129
4 1.3296875000e+05 1.2500000000e+04 228 325 326 229 225 322 227 130
4 1.3682291667e+05 1.2500000000e+04 229 326 327 230 226 323 228 131
4 1.4067708333e+05 1.2500000000e+04 230 327 328 231 227 324 229 132
4 1.4453125000e+05 1.2500000000e+04 231 328 329 232 228 325 230 133
4 1.4838541667e+05 1.2500000000e+04 232 329 330 233 229 326 231 134
4 1.5223958333e+05 1.2500000000e+04 233 330 331 234 230 327 232 135
4 1.5609375000e+05 1.2500000000e+04 234 331 332 235 231 328 233 136
4 1.5994791667e+05 1.2500000000e+04 235 332 333 236 232 329 234 137
4 1.6380208333e+05 1.2500000000e+04 236 333 334 237 233 330 235 138
4 1.6765625000e+05 1.2500000000e+04 237 334 335 238 234 331 236 139
4 1.7151041667e+05 1.2500000000e+04 238 335 336 239 235 332 237 140
4 1.7536458333e+05 1.2500000000e+04 239 336 337 240 236 333 238 141
4 1.7921875000e+05 1.2500000000e+04 240 337 338 241 237 334 239 142
4 1.8307291667e+05 1.2500000000e+04 241 338 339 242 238 335 240 143
4 1.8692708333e+05 1.2500000000e+04 242 339 340 243 239 336 241 144
4 1.9078125000e+05 1.2500000000e+04 243 340 341 244 240 337 242 145
4 1.9463541667e+05 1.2500000000e+04 244 341 342 245 241 338 243 146
4 1.9848958333e+05 1.2500000000e+04 245 342 343 246 242 339 244 147
4 2.0234375000e+05 1.2500000000e+04 246 343 344 247 243 340 245 148
4 2.0619791667e+05 1.2500000000e+04 247 344 345 248 244 341 246 149
4 2.1005208333e+05 1.2500000000e+04 248 345 346 249 245 342 247 150
4 2.1390625000e+05 1.2500000000e+04 249 346 347 250 246 343 248 151
4 2.1776041667e+05 1.2500000000e+04 250 347 348 251 247 344 249 152
4 2.2161458333e+05 1.2500000000e+04 251 348 349 252 248 345 250 153
4 2.2546875000e+05 1.2500000000e+04 252 349 350 253 249 346 251 154
4 2.2932291667e+05 1.2500000000e+04 253 350 351 254 250 347 252 155
4 2.3317708333e+05 1.2500000000e+04 254 351 352 255 251 348 253 156
4 2.3703125000e+05 1.2500000000e+04 255 352 353 256 252 349 254 157
4 2.4088541667e+05 1.2500000000e+04 256 353 354 257 253 350 255 158
4 2.4473958333e+05 1.2500000000e+04 257 354 355 258 254 351 256 159
4 2.4859375000e+05 1.2500000000e+04 258 355 356 259 255 352 257 160
4 2.5244791667e+05 1.2500000000e+04 259 356 357 260 256 353 258 161
4 2.5630208333e+05 1.2500000000e+04 260 357 358 261 257 354 259 162
4 2.6015625000e+05 1.2500000000e+04 261 358 359 262 258 355 260 163
4 2.6401041667e+05 1.2500000000e+04 262 359 360 263 259 356 261 164
4 2.6786458333e+05 1.2500000000e+04 263 360 361 264 260 357 262 165
4 2.7171875000e+05 1.2500000000e+04 264 361 362 265 261 358 263 166
4 2.7557291667e+05 1.2500000000e+04 265 362 363 266 262 359 264 167
4 2.7942708333e+05 1.2500000000e+04 266 363 364 267 263 360 265 168
4 2.8328125000e+05 1.2500000000e+04 267 364 365 268 264 361 266 169
4 2.8713541667e+05 1.2500000000e+04 268 365 366 269 265 362 267 170
4 2.9098958333e+05 1.2500000000e+04 269 366 367 270 266 363 268 171
4 2.9484375000e+05 1.2500000000e+04 270 367 368 271 267 364 269 172
4 2.9869791667e+05 1.2500000000e+04 271 368 369 272 268 365 270 173
4 3.0255208333e+05 1.2500000000e+04 272 369 370 273 269 366 271 174
4 3.0640625000e+05 1.2500000000e+04 273 370 371 274 270 367 272 175
4 3.1026041667e+05 1.2500000000e+04 274 371 372 275 271 368 273 176
4 3.1411458333e+05 1.2500000000e+04 275 372 373 276 272 369 274 177
4 3.1796875000e+05 1.2500000000e+04 276 373 374 277 273 370 275 178
4 3.2182291667e+05 1.2500000000e+04 277 374 375 278 274 371 276 179
4 3.2567708333e+05 1.2500000000e+04 278 375 376 279 275 372 277 180
4 3.2953125000e+05 1.2500000000e+04 279 376 377 280 276 373 278 181
4 3.3338541667e+05 1.2500000000e+04 280 377 378 281 277 374 279 182
4 3.3723958333e+05 1.2500000000e+04 281 378 379 282 278 375 280 183
4 3.4109375000e+05 1.2500000000e+04 282 379 380 283 279 376 281 184
4 3.4494791667e+05 1.2500000000e+04 283 380 381 284 280 377 282 185
4 3.4880208333e+05 1.2500000000e+04 284 381 382 285 281 378 283 186
4 3.5265625000e+05 1.2500000000e+04 285 382 383 286 282 379 284 187
4 3.5651041667e+05 1.2500000000e+04 286 383 384 287 283 380 285 188
4 3.6036458333e+05 1.2500000000e+04 287 384 385 288 284 381 286 189
4 3.6421875000e+05 1.2500000000e+04 288 385 386 289 285 382 287 190
4 3.6807291667e+05 1.2500000000e+04 289 386 387 290 286 383 -1 191
4 1.9270833333e+03 1.7500000000e+04 291 388 389 292 -1 384 289 192
4 5.7812500000e+03 1.7500000000e+04 292 389 390 293 288 385 290 193
4 9.6354166667e+03 1.7500000000e+04 293 390 391 294 289 386 291 194
4 1.3489583333e+04 1.7500000000e+04 294 391 392 295 290 387 292 195
4 1.7343750000e+04 1.7500000000e+04 295 392 393 296 291 388 293 196
4 2.1197916667e+04 1.7500000000e+04 296 393 394 297 292 389 294 197
4 2.5052083333e+04 1.7500000000e+04 297 394 395 298 293 390 295 198
4 2.8906250000e+04 1.7500000000e+04 298 395 396 299 294 391 296 199
4 3.2760416667e+04 1.7500000000e+04 299 396 397 300 295 392 297 200
4 3.6614583333e+04 1.7500000000e+04 300 397 398 301 296 393 298 201
4 4.0468750000e+04 1.7500000000e+04 301 398 399 302 297 394 299 202
4 4.4322916667e+04 1.7500000000e+04 302 399 400 303 298 395 300 203
4 4.8177083333e+04 1.7500000000e+04 303 400 401 304 299 396 301 204
4 5.2031250000e+04 1.7500000000e+04 304 401 402 305 300 397 302 205
4 5.5885416667e+04 1.7500000000e+04 305 402 403 306 301 398 303 206
4 5.9739583333e+04 1.7500000000e+04 306 403 404 307 302 399 304 207
4 6.3593750000e+04 1.7500000000e+04 307 404 405 308 303 400 305 208
4 6.7447916667e+04 1.7500000000e+04 308 405 406 309 304 401 306 209
4 7.1302083333e+04 1.7500000000e+04 309 406 407 310 305 402 307 210
4 7.5156250000e+04 1.7500000000e+04 310 407 408 311 306 403 308 211
4 7.9010416667e+04 1.7500000000e+04 311 408 409 312 307 404 309 212
4 8.2864583333e+04 1.7500000000e+04 312 409 410 313 308 405 310 213
4 8.6718750000e+04 1.7500000000e+04 313 410 411 314 309 406 311 214
4 9.0572916667e+04 1.7500000000e+04 314 411 412 315 310 407 312 215
4 9.4427083333e+04 1.7500000000e+04 315 412 413 316 311 408 313 216
4 9.8281250000e+04 1.7500000000e+04 316 413 414 317 312 409 314 217
4 1.0213541667e+05 1.7500000000e+04 317 414 415 318 313 410 315 218
4 1.0598958333e+05 1.7500000000e+04 318 415 416 319 314 411 316 219
4 1.0984375000e+05 1.7500000000e+04 319 416 417 320 315 412 317 220
4 1.1369791667e+05 1.7500000000e+04 320 417 418 321 316 413 318 221
4 1.1755208333e+05 1.7500000000e+04 321 418 419 322 317 414 319 222
4 1.2140625000e+05 1.7500000000e+04 322 419 420 323 318 415 320 223
4 1.2526041667e+05 1.7500000000e+04 323 420 421 324 319 416 321 224
4 1.2911458333e+05 1.7500000000e+04 324 421 422 325 320 417 322 225
4 1.3296875000e+05 1.7500000000e+04 325 422 423 326 321 418 323 226
4 1.3682291667e+05 1.7500000000e+04 326 423 424 327 322 419 324 227
4 1.4067708333e+05 1.7500000000e+04 327 424 425 328 323 420 325 228
4 1.4453125000e+05 1.7500000000e+04 328 425 426 329 324 421 326 229
4 1.4838541667e+05 1.7500000000e+04 329 426 427 330 325 422 327 230
4 1.5223958333e+05 1.7500000000e+04 330 427 428 331 326 423 328 231
4 1.5609375000e+05 1.7500000000e+04 331 428 429 332 327 424 329 232
4 1.5994791667e+05 1.7500000000e+04 332 429 430 333 328 425 330 233
4 1.6380208333e+05 1.7500000000e+04 333 430 431 334 329 426 331 234
4 1.6765625000e+05 1.7500000000e+04 334 431 432 335 330 427 332 235
4 1.7151041667e+05 1.7500000000e+04 335 432 433 336 331 428 333 236
4 1.7536458333e+05 1.7500000000e+04 336 433 434 337 332 429 334 237
4 1.7921875000e+05 1.7500000000e+04 337 434 435 338 333 430 335 238
4 1.8307291667e+05 1.7500000000e+04 338 435 436 339 334 431 336 239
4 1.8692708333e+05 1.7500000000e+04 339 436 437 340 335 432 337 240
4 1.9078125000e+05 1.7500000000e+04 340 437 438 341 336 433 338 241
4 1.9463541667e+05 1.7500000000e+04 341 438 439 342 337 434 339 242
4 1.9848958333e+05 1.7500000000e+04 342 439 440 343 338 435 340 243
4 2.0234375000e+05 1.7500000000e+04 343 440 441 344 339 436 341 244
4 2.0619791667e+05 1.7500000000e+04 344 441 442 345 340 437 342 245
4 2.1005208333e+05 1.7500000000e+04 345 442 443 346 341 438 343 246
4 2.1390625000e+05 1.7500000000e+04 346 443 444 347 342 439 344 247
4 2.1776041667e+05 1.7500000000e+04 347 444 445 348 343 440 345 248
4 2.2161458333e+05 1.7500000000e+04 348 445 446 349 344 441 346 249
4 2.2546875000e+05 1.7500000000e+04 349 446 447 350 345 442 347 250
4 2.2932291667e+05 1.7500000000e+04 350 447 448 351 346 443 348 251
4 2.3317708333e+05 1.7500000000e+04 351 448 449 352 347 444 349 252
4 2.3703125000e+05 1.7500000000e+04 352 449 450 353 348 445 350 253
4 2.4088541667e+05 1.7500000000e+04 353 450 451 354 349 446 351 254
4 2.4473958333e+05 1.7500000000e+04 354 451 452 355 350 447 352 255
4 2.4859375000e+05 1.7500000000e+04 355 452 453 356 351 448 353 256
4 2.5244791667e+05 1.7500000000e+04 356 453 454 357 352 449 354 257
4 2.5630208333e+05 1.7500000000e+04 357 454 455 358 353 450 355 258
4 2.6015625000e+05 1.7500000000e+04 358 455 456 359 354 451 356 259
4 2.6401041667e+05 1.7500000000e+04 359 456 457 360 355 452 357 260
4 2.6786458333e+05 1.7500000000e+04 360 457 458 361 356 453 358 261
4 2.7171875000e+05 1.7500000000e+04 361 458 459 362 357 454 359 262
4 2.7557291667e+05 1.7500000000e+04 362 459 460 363 358 455 360 263
4 2.7942708333e+05 1.7500000000e+04 363 460 461 364 359 456 361 264
4 2.8328125000e+05 1.7500000000e+04 364 461 462 365 360 457 362 265
4 2.8713541667e+05 1.7500000000e+04 365 462 463 366 361 458 363 266
4 2.9098958333e+05 1.7500000000e+04 366 463 464 367 362 459 364 267
4 2.9484375000e+05 1.7500000000e+04 367 464 465 368 363 460 365 268
4 2.9869791667e+05 1.7500000000e+04 368 465 466 369 364 461 366 269
4 3.0255208333e+05 1.7500000000e+04 369 466 467 370 365 462 367 270
4 3.0640625000e+05 1.7500000000e+04 370 467 468 371 366 463 368 271
4 3.1026041667e+05 1.7500000000e+04 371 468 469 372 367 464 369 272
4 3.1411458333e+05 1.7500000000e+04 372 469 470 373 368 465 370 273
4 3.1796875000e+05 1.7500000000e+04 373 470 471 374 369 466 371 274
4 3.2182291667e+05 1.7500000000e+04 374 471 472 375 370 467 372 275
4 3.2567708333e+05 1.7500000000e+04 375 472 473 376 371 468 373 276
4 3.2953125000e+05 1.7500000000e+04 376 473 474 377 372 469 374 277
4 3.3338541667e+05 1.7500000000e+04 377 474 475 378 373 470 375 278
4 3.3723958333e+05 1.7500000000e+04 378 475 476 379 374 471 376 279
4 3.4109375000e+05 1.7500000000e+04 379 476 477 380 375 472 377 280
4 3.4494791667e+05 1.7500000000e+04 380 477 478 381 376 473 378 281
4 3.4880208333e+05 1.7500000000e+04 381 478 479 382 377 474 379 282
4 3.5265625000e+05 1.7500000000e+04 382 479 480 383 378 475 380 283
4 3.5651041667e+05 1.7500000000e+04 383 480 481 384 379 476 381 284
4 3.6036458333e+05 1.7500000000e+04 384 481 482 385 380 477 382 285
4 3.6421875000e+05 1.7500000000e+04 385 482 483 386 381 478 383 286
4 3.6807291667e+05 1.7500000000e+04 386 483 484 387 382 479 -1 287
4 1.9270833333e+03 2.2500000000e+04 388 485 486 389 -1 480 385 288
4 5.7812500000e+03 2.2500000000e+04 389 486 487 390 384 481 386 289
4 9.6354166667e+03 2.2500000000e+04 390 487 488 391 385 482 387 290
4 1.3489583333e+04 2.2500000000e+04 391 488 489 392 386 483 388 291
4 1.7343750000e+04 2.2500000000e+04 392 489 490 393 387 484 389 292
4 2.1197916667e+04 2.2500000000e+04 393 490 491 394 388 485 390 293
4 2.5052083333e+04 2.2500000000e+04 394 491 492 395 389 486 391 294
4 2.8906250000e+04 2.2500000000e+04 395 492 493 396 390 487 392 295
4 3.2760416667e+04 2.2500000000e+04 396 493 494 397 391 488 393 296
4 3.6614583333e+04 2.2500000000e+04 397 494 495 398 392 489 394 297
4 4.0468750000e+04 2.2500000000e+04 398 495 496 399 393 490 395 298
4 4.4322916667e+04 2.2500000000e+04 399 496 497 400 394 491 396 299
4 4.8177083333e+04 2.2500000000e+04 400 497 498 401 395 492 397 300
4 5.2031250000e+04 2.2500000000e+04 401 498 499 402 396 493 398 301
4 5.5885416667e+04 2.2500000000e+04 402 499 500 403 397 494 399 302
4 5.9739583333e+04 2.2500000000e+04 403 500 501 404 398 495 400 303
4 6.3593750000e+04 2.2500000000e+04 404 501 502 405 399 496 401 304
4 6.7447916667e+04 2.2500000000e+04 405 502 503 406 400 497 402 305
4 7.1302083333e+04 2.2500000000e+04 406 503 504 407 401 498 403 306
4 7.5156250000e+04 2.2500000000e+04 407 504 505 408 402 499 404 307
4 7.9010416667e+04 2.2500000000e+04 408 505 506 409 403 500 405 308
4 8.2864583333e+04 2.2500000000e+04 409 506 507 410 404 501 406 309
4 8.6718750000e+04 2.2500000000e+04 410 507 508 411 405 502 407 310
4 9.0572916667e+04 2.2500000000e+04 411 508 509 412 406 503 408 311
4 9.4427083333e+04 2.2500000000e+04 412 509 510 413 407 504 409 312
4 9.8281250000e+04 2.2500000000e+04 413 510 511 414 408 505 410 313
4 1.0213541667e+05 2.2500000000e+04 414 511 512 415 409 506 411 314
4 1.0598958333e+05 2.2500000000e+04 415 512 513 416 410 507 412 315
4 1.0984375000e+05 2.2500000000e+04 416 513 514 417 411 508 413 316
4 1.1369791667e+05 2.2500000000e+04 417 514 515 418 412 509 414 317
4 1.1755208333e+05 2.2500000000e+04 418 515 516 419 413 510 415 318
4 1.2140625000e+05 2.2500000000e+04 419 516 517 420 414 511 416 319
4 1.2526041667e+05 2.2500000000e+04 420 517 518 421 415 512 417 320
4 1.2911458333e+05 2.2500000000e+04 421 518 519 422 416 513 418 321
4 1.3296875000e+05 2.2500000000e+04 422 519 520 423 417 514 419 322
4 1.3682291667e+05 2.2500000000e+04 423 520 521 424 418 515 420 323
4 1.4067708333e+05 2.2500000000e+04 424 521 522 425 419 516 421 324
4 1.4453125000e+05 2.2500000000e+04 425 522 523 426 420 517 422 325
4 1.4838541667e+05 2.2500000000e+04 426 523 524 427 421 518 423 326
4 1.5223958333e+05 2.2500000000e+04 427 524 525 428 422 519 424 327
4 1.5609375000e+05 2.2500000000e+04 428 525 526 429 423 520 425 328
4 1.5994791667e+05 2.2500000000e+04 429 526 527 430 424 521 426 329
4 1.6380208333e+05 2.2500000000e+04 430 527 528 431 425 522 427 330
4 1.6765625000e+05 2.2500000000e+04 431 528 529 432 426 523 428 331
4 1.7151041667e+05 2.2500000000e+04 432 529 530 433 427 524 429 332
4 1.7536458333e+05 2.2500000000e+04 433 530 531 434 428 525 430 333
4 1.7921875000e+05 2.2500000000e+04 434 531 532 435 429 526 431 334
4 1.8307291667e+05 2.2500000000e+04 435 532 533 436 430 527 432 335
4 1.8692708333e+05 2.2500000000e+04 436 533 534 437 431 528 433 336
4 1.9078125000e+05 2.2500000000e+04 437 534 535 438 432 529 434 337
4 1.9463541667e+05 2.2500000000e+04 438 535 536 439 433 530 435 338
4 1.9848958333e+05 2.2500000000e+04 439 536 537 440 434 531 436 339
4 2.0234375000e+05 2.2500000000e+04 440 537 538 441 435 532 437 340
4 2.0619791667e+05 2.2500000000e+04 441 538 539 442 436 533 438 341
4 2.1005208333e+05 2.2500000000e+04 442 539 540 443 437 534 439 342
4 2.1390625000e+05 2.2500000000e+04 443 540 541 444 438 535 440 343
4 2.1776041667e+05 2.2500000000e+04 444 541 542 445 439 536 441 344
4 2.2161458333e+05 2.2500000000e+04 445 542 543 446 440 537 442 345
4 2.2546875000e+05 2.2500000000e+04 446 543 544 447 441 538 443 346
4 2.2932291667e+05 2.2500000000e+04 447 544 545 448 442 539 444 347
4 2.3317708333e+05 2.2500000000e+04 448 545 546 449 443 540 445 348
4 2.3703125000e+05 2.2500000000e+04 449 546 547 450 444 541 446 349
4 2.4088541667e+05 2.2500000000e+04 450 547 548 451 445 542 447 350
4 2.4473958333e+05 2.2500000000e+04 451 548 549 452 446 543 448 351
4 2.4859375000e+05 2.2500000000e+04 452 549 550 453 447 544 449 352
4 2.5244791667e+05 2.2500000000e+04 453 550 551 454 448 545 450 353
4 2.5630208333e+05 2.2500000000e+04 454 551 552 455 449 546 451 354
4 2.6015625000e+05 2.2500000000e+04 455 552 553 456 450 547 452 355
4 2.6401041667e+05 2.2500000000e+04 456 553 554 457 451 548 453 356
4 2.6786458333e+05 2.2500000000e+04 457 554 555 458 452 549 454 357
4 2.7171875000e+05 2.2500000000e+04 458 555 556 459 453 550 455 358
4 2.7557291667e+05 2.2500000000e+04 459 556 557 460 454 551 456 359
4 2.7942708333e+05 2.2500000000e+04 460 557 558 461 455 552 457 360
4 2.8328125000e+05 2.2500000000e+04 461 558 559 462 456 553 458 361
4 2.8713541667e+05 2.2500000000e+04 462 559 560 463 457 554 459 362
4 2.9098958333e+05 2.2500000000e+04 463 560 561 464 458 555 460 363
4 2.9484375000e+05 2.2500000000e+04 464 561 562 465 459 556 461 364
4 2.9869791667e+05 2.2500000000e+04 465 562 563 466 460 557 462 365
4 3.0255208333e+05 2.2500000000e+04 466 563 564 467 461 558 463 366
4 3.0640625000e+05 2.2500000000e+04 467 564 565 468 462 559 464 367
4 3.1026041667e+05 2.2500000000e+04 468 565 566 469 463 560 465 368
4 3.1411458333e+05 2.2500000000e+04 469 566 567 470 464 561 466 369
4 3.1796875000e+05 2.2500000000e+04 470 567 568 471 465 562 467 370
4 3.2182291667e+05 2.2500000000e+04 471 568 569 472 466 563 468 371
4 3.2567708333e+05 2.2500000000e+04 472 569 570 473 467 564 469 372
4 3.2953125000e+05 2.2500000000e+04 473 570 571 474 468 565 470 373
4 3.3338541667e+05 2.2500000000e+04 474 571 572 475 469 566 471 374
4 3.3723958333e+05 2.2500000000e+04 475 572 573 476 470 567 472 375
4 3.4109375000e+05 2.2500000000e+04 476 573 574 477 471 568 473 376
4 3.4494791667e+05 2.2500000000e+04 477 574 575 478 472 569 474 377
4 3.4880208333e+05 2.2500000000e+04 478 575 576 479 473 570 475 378
4 3.5265625000e+05 2.2500000000e+04 479 576 577 480 474 571 476 379
4 3.5651041667e+05 2.2500000000e+04 480 577 578 481 475 572 477 380
4 3.6036458333e+05 2.2500000000e+04 481 578 579 482 476 573 478 381
4 3.6421875000e+05 2.2500000000e+04 482 579 580 483 477 574 479 382
4 3.6807291667e+05 2.2500000000e+04 483 580 581 484 478 575 -1 383
4 1.9270833333e+03 2.7500000000e+04 485 582 583 486 -1 576 481 384
4 5.7812500000e+03 2.7500000000e+04 486 583 584 487 480 577 482 385
4 9.6354166667e+03 2.7500000000e+04 487 584 585 488 481 578 483 386
4 1.3489583333e+04 2.7500000000e+04 488 585 586 489 482 579 484 387
4 1.7343750000e+04 2.7500000000e+04 489 586 587 490 483 580 485 388
4 2.1197916667e+04 2.7500000000e+04 490 587 588 491 484 581 486 389
4 2.5052083333e+04 2.7500000000e+04 491 588 589 492 485 582 487 390
4 2.8906250000e+04 2.7500000000e+04 492 589 590 493 486 583 488 391
4 3.2760416667e+04 2.7500000000e+04 493 590 591 494 487 584 489 392
4 3.6614583333e+04 2.7500000000e+04 494 591 592 495 488 585 490 393
4 4.0468750000e+04 2.7500000000e+04 495 592 593 496 489 586 491 394
4 4.4322916667e+04 2.7500000000e+04 496 593 594 497 490 587 492 395
4 4.8177083333e+04 2.7500000000e+04 497 594 595 498 491 588 493 396
4 5.2031250000e+04 2.7500000000e+04 498 595 596 499 492 589 494 397
4 5.5885416667e+04 2.7500000000e+04 499 596 597 500 493 590 495 398
4 5.9739583333e+04 2.7500000000e+04 500 597 598 501 494 591 496 399
4 6.3593750000e+04 2.7500000000e+04 501 598 599 502 495 592 497 400
4 6.7447916667e+04 2.7500000000e+04 502 599 600 503 496 593 498 401
4 7.1302083333e+04 2.7500000000e+04 503 600 601 504 497 594 499 402
4 7.5156250000e+04 2.7500000000e+04 504 601 602 505 498 595 500 403
4 7.9010416667e+04 2.7500000000e+04 505 602 603 506 499 596 501 404
4 8.2864583333e+04 2.7500000000e+04 506 603 604 507 500 597 502 405
4 8.6718750000e+04 2.7500000000e+04 507 604 605 508 501 598 503 406
4 9.0572916667e+04 2.7500000000e+04 508 605 606 509 502 599 504 407
4 9.4427083333e+04 2.7500000000e+04 509 606 607 510 503 600 505 408
4 9.8281250000e+04 2.7500000000e+04 510 607 608 511 504 601 506 409
4 1.0213541667e+05 2.7500000000e+04 511 608 609 512 505 602 507 410
4 1.0598958333e+05 2.7500000000e+04 512 609 610 513 506 603 508 411
4 1.0984375000e+05 2.7500000000e+04 513 610 611 514 507 604 509 412
4 1.1369791667e+05 2.7500000000e+04 514 611 612 515 508 605 510 413
4 1.1755208333e+05 2.7500000000e+04 515 612 613 516 509 606 511 414
4 1.2140625000e+05 2.7500000000e+04 516 613 614 517 510 607 512 415
4 1.2526041667e+05 2.7500000000e+04 517 614 615 518 511 608 513 416
4 1.2911458333e+05 2.7500000000e+04 518 615 616 519 512 609 514 417
4 1.3296875000e+05 2.7500000000e+04 519 616 617 520 513 610 515 418
4 1.3682291667e+05 2.7500000000e+04 520 617 618 521 514 611 516 419
4 1.4067708333e+05 2.7500000000e+04 521 618 619 522 515 612 517 420
4 1.4453125000e+05 2.7500000000e+04 522 619 620 523 516 613 518 421
4 1.4838541667e+05 2.7500000000e+04 523 620 621 524 517 614 519 422
4 1.5223958333e+05 2.7500000000e+04 524 621 622 525 518 615 520 423
4 1.5609375000e+05 2.7500000000e+04 525 622 623 526 519 616 521 424
4 1.5994791667e+05 2.7500000000e+04 526 623 624 527 520 617 522 425
4 1.6380208333e+05 2.7500000000e+04 527 624 625 528 521 618 523 426
4 1.6765625000e+05 2.7500000000e+04 528 625 626 529 522 619 524 427
4 1.7151041667e+05 2.7500000000e+04 529 626 627 530 523 620 525 428
4 1.7536458333e+05 2.7500000000e+04 530 627 628 531 524 621 526 429
4 1.7921875000e+05 2.7500000000e+04 531 628 629 532 525 622 527 430
4 1.8307291667e+05 2.7500000000e+04 532 629 630 533 526 623 528 431
4 1.8692708333e+05 2.7500000000e+04 533 630 631 534 527 624 529 432
4 1.9078125000e+05 2.7500000000e+04 534 631 632 535 528 625 530 433
4 1.9463541667e+05 2.7500000000e+04 535 632 633 536 529 626 531 434
4 1.9848958333e+05 2.7500000000e+04 536 633 634 537 530 627 532 435
4 2.0234375000e+05 2.7500000000e+04 537 634 635 538 531 628 533 436
4 2.0619791667e+05 2.7500000000e+04 538 635 636 539 532 629 534 437
4 2.1005208333e+05 2.7500000000e+04 539 636 637 540 533 630 535 438
4 2.1390625000e+05 2.7500000000e+04 540 637 638 541 534 631 536 439
4 2.1776041667e+05 2.7500000000e+04 541 638 639 542 535 632 537 440
4 2.2161458333e+05 2.7500000000e+04 542 639 640 543 536 633 538 441
4 2.2546875000e+05 2.7500000000e+04 543 640 641 544 537 634 539 442
4 2.2932291667e+05 2.7500000000e+04 544 641 642 545 538 635 540 443
4 2.3317708333e+05 2.7500000000e+04 545 642 643 546 539 636 541 444
4 2.3703125000e+05 2.7500000000e+04 546 643 644 547 540 637 542 445
4 2.4088541667e+05 2.7500000000e+04 547 644 645 548 541 638 543 446
4 2.4473958333e+05 2.7500000000e+04 548 645 646 549 542 639 544 447
4 2.4859375000e+05 2.7500000000e+04 549 646 647 550 543 640 545 448
4 2.5244791667e+05 2.7500000000e+04 550 647 648 551 544 641 546 449
4 2.5630208333e+05 2.7500000000e+04 551 648 649 552 545 642 547 450
4 2.6015625000e+05 2.7500000000e+04 552 649 650 553 546 643 548 451
4 2.6401041667e+05 2.7500000000e+04 553 650 651 554 547 644 549 452
4 2.6786458333e+05 2.7500000000e+04 554 651 652 555 548 645 550 453
4 2.7171875000e+05 2.7500000000e+04 555 652 653 556 549 646 551 454
4 2.7557291667e+05 2.7500000000e+04 556 653 654 557 550 647 552 455
4 2.7942708333e+05 2.7500000000e+04 557 654 655 558 551 648 553 456
4 2.8328125000e+05 2.7500000000e+04 558 655 656 559 552 649 554 457
4 2.8713541667e+05 2.7500000000e+04 559 656 657 560 553 650 555 458
4 2.9098958333e+05 2.7500000000e+04 560 657 658 561 554 651 556 459
4 2.9484375000e+05 2.7500000000e+04 561 658 659 562 555 652 557 460
4 2.9869791667e+05 2.7500000000e+04 562 659 660 563 556 653 558 461
4 3.0255208333e+05 2.7500000000e+04 563 660 661 564 557 654 559 462
4 3.0640625000e+05 2.7500000000e+04 564 661 662 565 558 655 560 463
4 3.1026041667e+05 2.7500000000e+04 565 662 663 566 559 656 561 464
4 3.1411458333e+05 2.7500000000e+04 566 663 664 567 560 657 562 465
4 3.1796875000e+05 2.7500000000e+04 567 664 665 568 561 658 563 466
4 3.2182291667e+05 2.7500000000e+04 568 665 666 569 562 659 564 467
4 3.2567708333e+05 2.7500000000e+04 569 666 667 570 563 660 565 468
4 3.2953125000e+05 2.7500000000e+04 570 667 668 571 564 661 566 469
4 3.3338541667e+05 2.7500000000e+04 571 668 669 572 565 662 567 470
4 3.3723958333e+05 2.7500000000e+04 572 669 670 573 566 663 568 471
4 3.4109375000e+05 2.7500000000e+04 573 670 671 574 567 664 569 472
4 3.4494791667e+05 2.7500000000e+04 574 671 672 575 568 665 570 473
4 3.4880208333e+05 2.7500000000e+04 575 672 673 576 569 666 571 474
4 3.5265625000e+05 2.7500000000e+04 576 673 674 577 570 667 572 475
4 3.5651041667e+05 2.7500000000e+04 577 674 675 578 571 668 573 476
4 3.6036458333e+05 2.7500000000e+04 578 675 676 579 572 669 574 477
4 3.6421875000e+05 2.7500000000e+04 579 676 677 580 573 670 575 478
4 3.6807291667e+05 2.7500000000e+04 580 677 678 581 574 671 -1 479
4 1.9270833333e+03 3.2500000000e+04 582 679 680 583 -1 672 577 480
4 5.7812500000e+03 3.2500000000e+04 583 680 681 584 576 673 578 481
4 9.6354166667e+03 3.2500000000e+04 584 681 682 585 577 674 579 482
4 1.3489583333e+04 3.2500000000e+04 585 682 683 586 578 675 580 483
4 1.7343750000e+04 3.2500000000e+04 586 683 684 587 579 676 581 484
4 2.1197916667e+04 3.2500000000e+04 587 684 685 588 580 677 582 485
4 2.5052083333e+04 3.2500000000e+04 588 685 686 589 581 678 583 486
4 2.8906250000e+04 3.2500000000e+04 589 686 687 590 582 679 584 487
4 3.2760416667e+04 3.2500000000e+04 590 687 688 591 583 680 585 488
4 3.6614583333e+04 3.2500000000e+04 591 688 689 592 584 681 586 489
4 4.0468750000e+04 3.2500000000e+04 592 689 690 593 585 682 587 490
4 4.4322916667e+04 3.2500000000e+04 593 690 691 594 586 683 588 491
4 4.8177083333e+04 3.2500000000e+04 594 691 692 595 587 684 589 492
4 5.2031250000e+04 3.2500000000e+04 595 692 693 596 588 685 590 493
4 5.5885416667e+04 3.2500000000e+04 596 693 694 597 589 686 591 494
4 5.9739583333e+04 3.2500000000e+04 597 694 695 598 590 687 592 495
4 6.3593750000e+04 3.2500000000e+04 598 695 696 599 591 688 593 496
4 6.7447916667e+04 3.2500000000e+04 599 696 697 600 592 689 594 497
4 7.1302083333e+04 3.2500000000e+04 600 697 698 601 593 690 595 498
4 7.5156250000e+04 3.2500000000e+04 601 698 699 602 594 691 596 499
4 7.9010416667e+04 3.2500000000e+04 602 699 700 603 595 692 597 500
4 8.2864583333e+04 3.2500000000e+04 603 700 701 604 596 693 598 501
4 8.6718750000e+04 3.2500000000e+04 604 701 702 605 597 694 599 502
4 9.0572916667e+04 3.2500000000e+04 605 702 703 606 598 695 600 503
4 9.4427083333e+04 3.2500000000e+04 606 703 704 607 599 696 601 504
4 9.8281250000e+04 3.2500000000e+04 607 704 705 608 600 697 602 505
4 1.0213541667e+05 3.2500000000e+04 608 705 706 609 601 698 603 506
4 1.0598958333e+05 3.2500000000e+04 609 706 707 610 602 699 604 507
4 1.0984375000e+05 3.2500000000e+04 610 707 708 611 603 700 605 508
4 1.1369791667e+05 3.2500000000e+04 611 708 709 612 604 701 606 509
4 1.1755208333e+05 3.2500000000e+04 612 709 710 613 605 702 607 510
4 1.2140625000e+05 3.2500000000e+04 613 710 711 614 606 703 608 511
4 1.2526041667e+05 3.2500000000e+04 614 711 712 615 607 704 609 512
4 1.2911458333e+05 3.2500000000e+04 615 712 713 616 608 705 610 513
4 1.3296875000e+05 3.2500000000e+04 616 713 714 617 609 706 611 514
4 1.3682291667e+05 3.2500000000e+04 617 714 715 618 610 707 612 515
4 1.4067708333e+05 3.2500000000e+04 618 715 716 619 611 708 613 516
4 1.4453125000e+05 3.2500000000e+04 619 716 717 620 612 709 614 517
4 1.4838541667e+05 3.2500000000e+04 620 717 718 621 613 710 615 518
4 1.5223958333e+05 3.2500000000e+04 621 718 719 622 614 711 616 519
4 1.5609375000e+05 3.2500000000e+04 622 719 720 623 615 712 617 520
4 1.5994791667e+05 3.2500000000e+04 623 720 721 624 616 713 618 521
4 1.6380208333e+05 3.2500000000e+04 624 721 722 625 617 714 619 522
4 1.6765625000e+05 3.2500000000e+04 625 722 723 626 618 715 620 523
4 1.7151041667e+05 3.2500000000e+04 626 723 724 627 619 716 621 524
4 1.7536458333e+05 3.2500000000e+04 627 724 725 628 620 717 622 525
4 1.7921875000e+05 3.2500000000e+04 628 725 726 629 621 718 623 526
4 1.8307291667e+05 3.2500000000e+04 629 726 727 630 622 719 624 527
4 1.8692708333e+05 3.2500000000e+04 630 727 728 631 623 720 625 528
4 1.9078125000e+05 3.2500000000e+04 631 728 729 632 624 721 626 529
4 1.9463541667e+05 3.2500000000e+04 632 729 730 633 625 722 627 530
4 1.9848958333e+05 3.2500000000e+04 633 730 731 634 626 723 628 531
4 2.0234375000e+05 3.2500000000e+04 634 731 732 635 627 724 629 532
4 2.0619791667e+05 3.2500000000e+04 635 732 733 636 628 725 630 533
4 2.1005208333e+05 3.2500000000e+04 636 733 734 637 629 726 631 534
4 2.1390625000e+05 3.2500000000e+04 637 734 735 638 630 727 632 535
4 2.1776041667e+05 3.2500000000e+04 638 735 736 639 631 728 633 536
4 2.2161458333e+05 3.2500000000e+04 639 736 737 640 632 729 634 537
4 2.2546875000e+05 3.2500000000e+04 640 737 738 641 633 730 635 538
4 2.2932291667e+05 3.2500000000e+04 641 738 739 642 634 731 636 539
4 2.3317708333e+05 3.2500000000e+04 642 739 740 643 635 732 637 540
4 2.3703125000e+05 3.2500000000e+04 643 740 741 644 636 733 638 541
4 2.4088541667e+05 3.2500000000e+04 644 741 742 645 637 734 639 542
4 2.4473958333e+05 3.2500000000e+04 645 742 743 646 638 735 640 543
4 2.4859375000e+05 3.2500000000e+04 646 743 744 647 639 736 641 544
4 2.5244791667e+05 3.2500000000e+04 647 744 745 648 640 737 642 545
4 2.5630208333e+05 3.2500000000e+04 648 745 746 649 641 738 643 546
4 2.6015625000e+05 3.2500000000e+04 649 746 747 650 642 739 644 547
4 2.6401041667e+05 3.2500000000e+04 650 747 748 651 643 740 645 548
4 2.6786458333e+05 3.2500000000e+04 651 748 749 652 644 741 646 549
4 2.7171875000e+05 3.2500000000e+04 652 749 750 653 645 742 647 550
4 2.7557291667e+05 3.2500000000e+04 653 750 751 654 646 743 648 551
4 2.7942708333e+05 3.2500000000e+04 654 751 752 655 647 744 649 552
4 2.8328125000e+05 3.2500000000e+04 655 752 753 656 648 745 650 553
4 2.8713541667e+05 3.2500000000e+04 656 753 754 657 649 746 651 554
4 2.9098958333e+05 3.2500000000e+04 657 754 755 658 650 747 652 555
4 2.9484375000e+05 3.2500000000e+04 658 755 756 659 651 748 653 556
4 2.9869791667e+05 3.2500000000e+04 659 756 757 660 652 749 654 557
4 3.0255208333e+05 3.2500000000e+04 660 757 758 661 653 750 655 558
4 3.0640625000e+05 3.2500000000e+04 661 758 759 662 654 751 656 559
4 3.1026041667e+05 3.2500000000e+04 662 759 760 663 655 752 657 560
4 3.1411458333e+05 3.2500000000e+04 663 760 761 664 656 753 658 561
4 3.1796875000e+05 3.2500000000e+04 664 761 762 665 657 754 659 562
4 3.2182291667e+05 3.2500000000e+04 665 762 763 666 658 755 660 563
4 3.2567708333e+05 3.2500000000e+04 666 763 764 667 659 756 661 564
4 3.2953125000e+05 3.2500000000e+04 667 764 765 668 660 757 662 565
4 3.3338541667e+05 3.2500000000e+04 668 765 766 669 661 758 663 566
4 3.3723958333e+05 3.2500000000e+04 669 766 767 670 662 759 664 567
4 3.4109375000e+05 3.2500000000e+04 670 767 768 671 663 760 665 568
4 3.4494791667e+05 3.2500000000e+04 671 768 769 672 664 761 666 569
4 3.4880208333e+05 3.2500000000e+04 672 769 770 673 665 762 667 570
4 3.5265625000e+05 3.2500000000e+04 673 770 771 674 666 763 668 571
4 3.5651041667e+05 3.2500000000e+04 674 771 772 675 667 764 669 572
4 3.6036458333e+05 3.2500000000e+04 675 772 773 676 668 765 670 573
4 3.6421875000e+05 3.2500000000e+04 676 773 774 677 669 766 671 574
4 3.6807291667e+05 3.2500000000e+04 677 774 775 678 670 767 -1 575
4 1.9270833333e+03 3.7500000000e+04 679 776 777 680 -1 768 673 576
4 5.7812500000e+03 3.7500000000e+04 680 777 778 681 672 769 674 577
4 9.6354166667e+03 3.7500000000e+04 681 778 779 682 673 770 675 578
4 1.3489583333e+04 3.7500000000e+04 682 779 780 683 674 771 676 579
4 1.7343750000e+04 3.7500000000e+04 683 780 781 684 675 772 677 580
4 2.1197916667e+04 3.7500000000e+04 684 781 782 685 676 773 678 581
4 2.5052083333e+04 3.7500000000e+04 685 782 783 686 677 774 679 582
4 2.8906250000e+04 3.7500000000e+04 686 783 784 687 678 775 680 583
4 3.2760416667e+04 3.7500000000e+04 687 784 785 688 679 776 681 584
4 3.6614583333e+04 3.7500000000e+04 688 785 786 689 680 777 682 585
4 4.0468750000e+04 3.7500000000e+04 689 786 787 690 681 778 683 586
4 4.4322916667e+04 3.7500000000e+04 690 787 788 691 682 779 684 587
4 4.8177083333e+04 3.7500000000e+04 691 788 789 692 683 780 685 588
4 5.2031250000e+04 3.7500000000e+04 692 789 790 693 684 781 686 589
4 5.5885416667e+04 3.7500000000e+04 693 790 791 694 685 782 687 590
4 5.9739583333e+04 3.7500000000e+04 694 791 792 695 686 783 688 591
4 6.3593750000e+04 3.7500000000e+04 695 792 793 696 687 784 689 592
4 6.7447916667e+04 3.7500000000e+04 696 793 794 697 688 785 690 593
4 7.1302083333e+04 3.7500000000e+04 697 794 795 698 689 786 691 594
4 7.5156250000e+04 3.7500000000e+04 698 795 796 699 690 787 692 595
4 7.9010416667e+04 3.7500000000e+04 699 796 797 700 691 788 693 596
4 8.2864583333e+04 3.7500000000e+04 700 797 798 701 692 789 694 597
4 8.6718750000e+04 3.7500000000e+04 701 798 799 702 693 790 695 598
4 9.0572916667e+04 3.7500000000e+04 702 799 800 703 694 791 696 599
4 9.4427083333e+04 3.7500000000e+04 703 800 801 704 695 792 697 600
4 9.8281250000e+04 3.7500000000e+04 704 801 802 705 696 793 698 601
4 1.0213541667e+05 3.7500000000e+04 705 802 803 706 697 794 699 602
4 1.0598958333e+05 3.7500000000e+04 706 803 804 707 698 795 700 603
4 1.0984375000e+05 3.7500000000e+04 707 804 805 708 699 796 701 604
4 1.1369791667e+05 3.7500000000e+04 708 805 806 709 700 797 702 605
4 1.1755208333e+05 3.7500000000e+04 709 806 807 710 701 798 703 606
4 1.2140625000e+05 3.7500000000e+04 710 807 808 711 702 799 704 607
4 1.2526041667e+05 3.7500000000e+04 711 808 809 712 703 800 705 608
4 1.2911458333e+05 3.7500000000e+04 712 809 810 713 704 801 706 609
4 1.3296875000e+05 3.7500000000e+04 713 810 811 714 705 802 707 610
4 1.3682291667e+05 3.7500000000e+04 714 811 812 715 706 803 708 611
4 1.4067708333e+05 3.7500000000e+04 715 812 813 716 707 804 709 612
4 1.4453125000e+05 3.7500000000e+04 716 813 814 717 708 805 710 613
4 1.4838541667e+05 3.7500000000e+04 717 814 815 718 709 806 711 614
4 1.5223958333e+05 3.7500000000e+04 718 815 816 719 710 807 712 615
4 1.5609375000e+05 3.7500000000e+04 719 816 817 720 711 808 713 616
4 1.5994791667e+05 3.7500000000e+04 720 817 818 721 712 809 714 617
4 1.6380208333e+05 3.7500000000e+04 721 818 819 722 713 810 715 618
4 1.6765625000e+05 3.7500000000e+04 722 819 820 723 714 811 716 619
4 1.7151041667e+05 3.7500000000e+04 723 820 821 724 715 812 717 620
4 1.7536458333e+05 3.7500000000e+04 724 821 822 725 716 813 718 621
4 1.7921875000e+05 3.7500000000e+04 725 822 823 726 717 814 719 622
4 1.8307291667e+05 3.7500000000e+04 726 823 824 727 718 815 720 623
4 1.8692708333e+05 3.7500000000e+04 727 824 825 728 719 816 721 624
4 1.9078125000e+05 3.7500000000e+04 728 825 826 729 720 817 722 625
4 1.9463541667e+05 3.7500000000e+04 729 826 827 730 721 818 723 626
4 1.9848958333e+05 3.7500000000e+04 730 827 828 731 722 819 724 627
4 2.0234375000e+05 3.7500000000e+04 731 828 829 732 723 820 725 628
4 2.0619791667e+05 3.7500000000e+04 732 829 830 733 724 821 726 629
4 2.1005208333e+05 3.7500000000e+04 733 830 831 734 725 822 727 630
4 2.1390625000e+05 3.7500000000e+04 734 831 832 735 726 823 728 631
4 2.1776041667e+05 3.7500000000e+04 735 832 833 736 727 824 729 632
4 2.2161458333e+05 3.7500000000e+04 736 833 834 737 728 825 730 633
4 2.2546875000e+05 3.7500000000e+04 737 834 835 738 729 826 731 634
4 2.2932291667e+05 3.7500000000e+04 738 835 836 739 730 827 732 635
4 2.3317708333e+05 3.7500000000e+04 739 836 837 740 731 828 733 636
4 2.3703125000e+05 3.7500000000e+04 740 837 838 741 732 829 734 637
4 2.4088541667e+05 3.7500000000e+04 741 838 839 742 733 830 735 638
4 2.4473958333e+05 3.7500000000e+04 742 839 840 743 734 831 736 639
4 2.4859375000e+05 3.7500000000e+04 743 840 841 744 735 832 737 640
4 2.5244791667e+05 3.7500000000e+04 744 841 842 745 736 833 738 641
4 2.5630208333e+05 3.7500000000e+04 745 842 843 746 737 834 739 642
4 2.6015625000e+05 3.7500000000e+04 746 843 844 747 738 835 740 643
4 2.6401041667e+05 3.7500000000e+04 747 844 845 748 739 836 741 644
4 2.6786458333e+05 3.7500000000e+04 748 845 846 749 740 837 742 645
4 2.7171875000e+05 3.7500000000e+04 749 846 847 750 741 838 743 646
4 2.7557291667e+05 3.7500000000e+04 750 847 848 751 742 839 744 647
4 2.7942708333e+05 3.7500000000e+04 751 848 849 752 743 840 745 648
4 2.8328125000e+05 3.7500000000e+04 752 849 850 753 744 841 746 649
4 2.8713541667e+05 3.7500000000e+04 753 850 851 754 745 842 747 650
4 2.9098958333e+05 3.7500000000e+04 754 851 852 755 746 843 748 651
4 2.9484375000e+05 3.7500000000e+04 755 852 853 756 747 844 749 652
4 2.9869791667e+05 3.7500000000e+04 756 853 854 757 748 845 750 653
4 3.0255208333e+05 3.7500000000e+04 757 854 855 758 749 846 751 654
4 3.0640625000e+05 3.7500000000e+04 758 855 856 759 750 847 752 655
4 3.1026041667e+05 3.7500000000e+04 759 856 857 760 751 848 753 656
4 3.1411458333e+05 3.7500000000e+04 760 857 858 761 752 849 754 657
4 3.1796875000e+05 3.7500000000e+04 761 858 859 762 753 850 755 658
4 3.2182291667e+05 3.7500000000e+04 762 859 860 763 754 851 756 659
4 3.2567708333e+05 3.7500000000e+04 763 860 861 764 755 852 757 660
4 3.2953125000e+05 3.7500000000e+04 764 861 862 765 756 853 758 661
4 3.3338541667e+05 3.7500000000e+04 765 862 863 766 757 854 759 662
4 3.3723958333e+05 3.7500000000e+04 766 863 864 767 758 855 760 663
4 3.4109375000e+05 3.7500000000e+04 767 864 865 768 759 856 761 664
4 3.4494791667e+05 3.7500000000e+04 768 865 866 769 760 857 762 665
4 3.4880208333e+05 3.7500000000e+04 769 866 867 770 761 858 763 666
4 3.5265625000e+05 3.7500000000e+04 770 867 868 771 762 859 764 667
4 3.5651041667e+05 3.7500000000e+04 771 868 869 772 763 860 765 668
4 3.6036458333e+05 3.7500000000e+04 772 869 870 773 764 861 766 669
4 3.6421875000e+05 3.7500000000e+04 773 870 871 774 765 862 767 670
4 3.6807291667e+05 3.7500000000e+04 774 871 872 775 766 863 -1 671
4 1.9270833333e+03 4.2500000000e+04 776 873 874 777 -1 864 769 672
4 5.7812500000e+03 4.2500000000e+04 777 874 875 778 768 865 770 673
4 9.6354166667e+03 4.2500000000e+04 778 875 876 779 769 866 771 674
4 1.3489583333e+04 4.2500000000e+04 779 876 877 780 770 867 772 675
4 1.7343750000e+04 4.2500000000e+04 780 877 878 781 771 868 773 676
4 2.1197916667e+04 4.2500000000e+04 781 878 879 782 772 869 774 677
4 2.5052083333e+04 4.2500000000e+04 782 879 880 783 773 870 775 678
4 2.8906250000e+04 4.2500000000e+04 783 880 881 784 774 871 776 679
4 3.2760416667e+04 4.2500000000e+04 784 881 882 785 775 872 777 680
4 3.6614583333e+04 4.2500000000e+04 785 882 883 786 776 873 778 681
4 4.0468750000e+04 4.2500000000e+04 786 883 884 787 777 874 779 682
4 4.4322916667e+04 4.2500000000e+04 787 884 885 788 778 875 780 683
4 4.8177083333e+04 4.2500000000e+04 788 885 886 789 779 876 781 684
4 5.2031250000e+04 4.2500000000e+04 789 886 887 790 780 877 782 685
4 5.5885416667e+04 4.2500000000e+04 790 887 888 791 781 878 783 686
4 5.9739583333e+04 4.2500000000e+04 791 888 889 792 782 879 784 687
4 6.3593750000e+04 4.2500000000e+04 792 889 890 793 783 880 785 688
4 6.7447916667e+04 4.2500000000e+04 793 890 891 794 784 881 786 689
4 7.1302083333e+04 4.2500000000e+04 794 891 892 795 785 882 787 690
4 7.5156250000e+04 4.2500000000e+04 795 892 893 796 786 883 788 691
4 7.9010416667e+04 4.2500000000e+04 796 893 894 797 787 884 789 692
4 8.2864583333e+04 4.2500000000e+04 797 894 895 798 788 885 790 693
4 8.6718750000e+04 4.2500000000e+04 798 895 896 799 789 886 791 694
4 9.0572916667e+04 4.2500000000e+04 799 896 897 800 790 887 792 695
4 9.4427083333e+04 4.2500000000e+04 800 897 898 801 791 888 793 696
4 9.8281250000e+04 4.2500000000e+04 801 898 899 802 792 889 794 697
4 1.0213541667e+05 4.2500000000e+04 802 899 900 803 793 890 795 698
4 1.0598958333e+05 4.2500000000e+04 803 900 901 804 794 891 796 699
4 1.0984375000e+05 4.2500000000e+04 804 901 902 805 795 892 797 700
4 1.1369791667e+05 4.2500000000e+04 805 902 903 806 796 893 798 701
4 1.1755208333e+05 4.2500000000e+04 806 903 904 807 797 894 799 702
4 1.2140625000e+05 4.2500000000e+04 807 904 905 808 798 895 800 703
4 1.2526041667e+05 4.2500000000e+04 808 905 906 809 799 896 801 704
4 1.2911458333e+05 4.2500000000e+04 809 906 907 810 800 897 802 705
4 1.3296875000e+05 4.2500000000e+04 810 907 908 811 801 898 803 706
4 1.3682291667e+05 4.2500000000e+04 811 908 909 812 802 899 804 707
4 1.4067708333e+05 4.2500000000e+04 812 909 910 813 803 900 805 708
4 1.4453125000e+05 4.2500000000e+04 813 910 911 814 804 901 806 709
4 1.4838541667e+05 4.2500000000e+04 814 911 912 815 805 902 807 710
4 1.5223958333e+05 4.2500000000e+04 815 912 913 816 806 903 808 711
4 1.5609375000e+05 4.2500000000e+04 816 913 914 817 807 904 809 712
4 1.5994791667e+05 4.2500000000e+04 817 914 915 818 808 905 810 713
4 1.6380208333e+05 4.2500000000e+04 818 915 916 819 809 906 811 714
4 1.6765625000e+05 4.2500000000e+04 819 916 917 820 810 907 812 715
4 1.7151041667e+05 4.2500000000e+04 820 917 918 821 811 908 813 716
4 1.7536458333e+05 4.2500000000e+04 821 918 919 822 812 909 814 717
4 1.7921875000e+05 4.2500000000e+04 822 919 920 823 813 910 815 718
4 1.8307291667e+05 4.2500000000e+04 823 920 921 824 814 911 816 719
4 1.8692708333e+05 4.2500000000e+04 824 921 922 825 815 912 817 720
4 1.9078125000e+05 4.2500000000e+04 825 922 923 826 816 913 818 721
4 1.9463541667e+05 4.2500000000e+04 826 923 924 827 817 914 819 722
4 1.9848958333e+05 4.2500000000e+04 827 924 925 828 818 915 820 723
4 2.0234375000e+05 4.2500000000e+04 828 925 926 829 819 916 821 724
4 2.0619791667e+05 4.2500000000e+04 829 926 927 830 820 917 822 725
4 2.1005208333e+05 4.2500000000e+04 830 927 928 831 821 918 823 726
4 2.1390625000e+05 4.2500000000e+04 831 928 929 832 822 919 824 727
4 2.1776041667e+05 4.2500000000e+04 832 929 930 833 823 920 825 728
4 2.2161458333e+05 4.2500000000e+04 833 930 931 834 824 921 826 729
4 2.2546875000e+05 4.2500000000e+04 834 931 932 835 825 922 827 730
4 2.2932291667e+05 4.2500000000e+04 835 932 933 836 826 923 828 731
4 2.3317708333e+05 4.2500000000e+04 836 933 934 837 827 924 829 732
4 2.3703125000e+05 4.2500000000e+04 837 934 935 838 828 925 830 733
4 2.4088541667e+05 4.2500000000e+04 838 935 936 839 829 926 831 734
4 2.4473958333e+05 4.2500000000e+04 839 936 937 840 830 927 832 735
4 2.4859375000e+05 4.2500000000e+04 840 937 938 841 831 928 833 736
4 2.5244791667e+05 4.2500000000e+04 841 938 939 842 832 929 834 737
4 2.5630208333e+05 4.2500000000e+04 842 939 940 843 833 930 835 738
4 2.6015625000e+05 4.2500000000e+04 843 940 941 844 834 931 836 739
4 2.6401041667e+05 4.2500000000e+04 844 941 942 845 835 932 837 740
4 2.6786458333e+05 4.2500000000e+04 845 942 943 846 836 933 838 741
4 2.7171875000e+05 4.2500000000e+04 846 943 944 847 837 934 839 742
4 2.7557291667e+05 4.2500000000e+04 847 944 945 848 838 935 840 743
4 2.7942708333e+05 4.2500000000e+04 848 945 946 849 839 936 841 744
4 2.8328125000e+05 4.2500000000e+04 849 946 947 850 840 937 842 745
4 2.8713541667e+05 4.2500000000e+04 850 947 948 851 841 938 843 746
4 2.9098958333e+05 4.2500000000e+04 851 948 949 852 842 939 844 747
4 2.9484375000e+05 4.2500000000e+04 852 949 950 853 843 940 845 748
4 2.9869791667e+05 4.2500000000e+04 853 950 951 854 844 941 846 749
4 3.0255208333e+05 4.2500000000e+04 854 951 952 855 845 942 847 750
4 3.0640625000e+05 4.2500000000e+04 855 952 953 856 846 943 848 751
4 3.1026041667e+05 4.2500000000e+04 856 953 954 857 847 944 849 752
4 3.1411458333e+05 4.2500000000e+04 857 954 955 858 848 945 850 753
4 3.1796875000e+05 4.2500000000e+04 858 955 956 859 849 946 851 754
4 3.2182291667e+05 4.2500000000e+04 859 956 957 860 850 947 852 755
4 3.2567708333e+05 4.2500000000e+04 860 957 958 861 851 948 853 756
4 3.2953125000e+05 4.2500000000e+04 861 958 959 862 852 949 854 757
4 3.3338541667e+05 4.2500000000e+04 862 959 960 863 853 950 855 758
4 3.3723958333e+05 4.2500000000e+04 863 960 961 864 854 951 856 759
4 3.4109375000e+05 4.2500000000e+04 864 961 962 865 855 952 857 760
4 3.4494791667e+05 4.2500000000e+04 865 962 963 866 856 953 858 761
4 3.4880208333e+05 4.2500000000e+04 866 963 964 867 857 954 859 762
4 3.5265625000e+05 4.2500000000e+04 867 964 965 868 858 955 860 763
4 3.5651041667e+05 4.2500000000e+04 868 965 966 869 859 956 861 764
4 3.6036458333e+05 4.2500000000e+04 869 966 967 870 860 957 862 765
4 3.6421875000e+05 4.2500000000e+04 870 967 968 871 861 958 863 766
4 3.6807291667e+05 4.2500000000e+04 871 968 969 872 862 959 -1 767
4 1.9270833333e+03 4.7500000000e+04 873 970 971 874 -1 0 865 768
4 5.7812500000e+03 4.7500000000e+04 874 971 972 875 864 1 866 769
4 9.6354166667e+03 4.7500000000e+04 875 972 973 876 865 2 867 770
4 1.3489583333e+04 4.7500000000e+04 876 973 974 877 866 3 868 771
4 1.7343750000e+04 4.7500000000e+04 877 974 975 878 867 4 869 772
4 2.1197916667e+04 4.7500000000e+04 878 975 976 879 868 5 870 773
4 2.5052083333e+04 4.7500000000e+04 879 976 977 880 869 6 871 774
4 2.8906250000e+04 4.7500000000e+04 880 977 978 881 870 7 872 775
4 3.2760416667e+04 4.7500000000e+04 881 978 979 882 871 8 873 776
4 3.6614583333e+04 4.7500000000e+04 882 979 980 883 872 9 874 777
4 4.0468750000e+04 4.7500000000e+04 883 980 981 884 873 10 875 778
4 4.4322916667e+04 4.7500000000e+04 884 981 982 885 874 11 876 779
4 4.8177083333e+04 4.7500000000e+04 885 982 983 886 875 12 877 780
4 5.2031250000e+04 4.7500000000e+04 886 983 984 887 876 13 878 781
4 5.5885416667e+04 4.7500000000e+04 887 984 985 888 877 14 879 782
4 5.9739583333e+04 4.7500000000e+04 888 985 986 889 878 15 880 783
4 6.3593750000e+04 4.7500000000e+04 889 986 987 890 879 16 881 784
4 6.7447916667e+04 4.7500000000e+04 890 987 988 891 880 17 882 785
4 7.1302083333e+04 4.7500000000e+04 891 988 989 892 881 18 883 786
4 7.5156250000e+04 4.7500000000e+04 892 989 990 893 882 19 884 787
4 7.9010416667e+04 4.7500000000e+04 893 990 991 894 883 20 885 788
4 8.2864583333e+04 4.7500000000e+04 894 991 992 895 884 21 886 789
4 8.6718750000e+04 4.7500000000e+04 895 992 993 896 885 22 887 790
4 9.0572916667e+04 4.7500000000e+04 896 993 994 897 886 23 888 791
4 9.4427083333e+04 4.7500000000e+04 897 994 995 898 887 24 889 792
4 9.8281250000e+04 4.7500000000e+04 898 995 996 899 888 25 890 793
4 1.0213541667e+05 4.7500000000e+04 899 996 997 900 889 26 891 794
4 1.0598958333e+05 4.7500000000e+04 900 997 998 901 890 27 892 795
4 1.0984375000e+05 4.7500000000e+04 901 998 999 902 891 28 893 796
4 1.1369791667e+05 4.7500000000e+04 902 999 1000 903 892 29 894 797
4 1.1755208333e+05 4.7500000000e+04 903 1000 1001 904 893 30 895 798
4 1.2140625000e+05 4.7500000000e+04 904 1001 1002 905 894 31 896 799
4 1.2526041667e+05 4.7500000000e+04 905 1002 1003 906 895 32 897 800
4 1.2911458333e+05 4.7500000000e+04 906 1003 1004 907 896 33 898 801
4 1.3296875000e+05 4.7500000000e+04 907 1004 1005 908 897 34 899 802
4 1.3682291667e+05 4.7500000000e+04 908 1005 1006 909 898 35 900 803
4 1.4067708333e+05 4.7500000000e+04 909 1006 1007 910 899 36 901 804
4 1.4453125000e+05 4.7500000000e+04 910 1007 1008 911 900 37 902 805
4 1.4838541667e+05 4.7500000000e+04 911 1008 1009 912 901 38 903 806
4 1.5223958333e+05 4.7500000000e+04 912 1009 1010 913 902 39 904 807
4 1.5609375000e+05 4.7500000000e+04 913 1010 1011 914 903 40 905 808
4 1.5994791667e+05 4.7500000000e+04 914 1011 1012 915 904 41 906 809
4 1.6380208333e+05 4.7500000000e+04 915 1012 1013 916 905 42 907 810
4 1.6765625000e+05 4.7500000000e+04 916 1013 1014 917 906 43 908 811
4 1.7151041667e+05 4.7500000000e+04 917 1014 1015 918 907 44 909 812
4 1.7536458333e+05 4.7500000000e+04 918 1015 1016 919 908 45 910 813
4 1.7921875000e+05 4.7500000000e+04 919 1016 1017 920 909 46 911 814
4 1.8307291667e+05 4.7500000000e+04 920 1017 1018 921 910 47 912 815
4 1.8692708333e+05 4.7500000000e+04 921 1018 1019 922 911 48 913 816
4 1.9078125000e+05 4.7500000000e+04 922 1019 1020 923 912 49 914 817
4 1.9463541667e+05 4.7500000000e+04 923 1020 1021 924 913 50 915 818
4 1.9848958333e+05 4.7500000000e+04 924 1021 1022 925 914 51 916 819
4 2.0234375000e+05 4.7500000000e+04 925 1022 1023 926 915 52 917 820
4 2.0619791667e+05 4.7500000000e+04 926 1023 1024 927 916 53 918 821
4 2.1005208333e+05 4.7500000000e+04 927 1024 1025 928 917 54 919 822
4 2.1390625000e+05 4.7500000000e+04 928 1025 1026 929 918 55 920 823
4 2.1776041667e+05 4.7500000000e+04 929 1026 1027 930 919 56 921 824
4 2.2161458333e+05 4.7500000000e+04 930 1027 1028 931 920 57 922 825
4 2.2546875000e+05 4.7500000000e+04 931 1028 1029 932 921 58 923 826
4 2.2932291667e+05 4.7500000000e+04 932 1029 1030 933 922 59 924 827
4 2.3317708333e+05 4.7500000000e+04 933 1030 1031 934 923 60 925 828
4 2.3703125000e+05 4.7500000000e+04 934 1031 1032 935 924 61 926 829
4 2.4088541667e+05 4.7500000000e+04 935 1032 1033 936 925 62 927 830
4 2.4473958333e+05 4.7500000000e+04 936 1033 1034 937 926 63 928 831
4 2.4859375000e+05 4.7500000000e+04 937 1034 1035 938 927 64 929 832
4 2.5244791667e+05 4.7500000000e+04 938 1035 1036 939 928 65 930 833
4 2.5630208333e+05 4.7500000000e+04 939 1036 1037 940 929 66 931 834
4 2.6015625000e+05 4.7500000000e+04 940 1037 1038 941 930 67 932 835
4 2.6401041667e+05 4.7500000000e+04 941 1038 1039 942 931 68 933 836
4 2.6786458333e+05 4.7500000000e+04 942 1039 1040 943 932 69 934 837
4 2.7171875000e+05 4.7500000000e+04 943 1040 1041 944 933 70 935 838
4 2.7557291667e+05 4.7500000000e+04 944 1041 1042 945 934 71 936 839
4 2.7942708333e+05 4.7500000000e+04 945 1042 1043 946 935 72 937 840
4 2.8328125000e+05 4.7500000000e+04 946 1043 1044 947 936 73 938 841
4 2.8713541667e+05 4.7500000000e+04 947 1044 1045 948 937 74 939 842
4 2.9098958333e+05 4.7500000000e+04 948 1045 1046 949 938 75 940 843
4 2.9484375000e+05 4.7500000000e+04 949 1046 1047 950 939 76 941 844
4 2.9869791667e+05 4.7500000000e+04 950 1047 1048 951 940 77 942 845
4 3.0255208333e+05 4.7500000000e+04 951 1048 1049 952 941 78 943 846
4 3.0640625000e+05 4.7500000000e+04 952 1049 1050 953 942 79 944 847
4 3.1026041667e+05 4.7500000000e+04 953 1050 1051 954 943 80 945 848
4 3.1411458333e+05 4.7500000000e+04 954 1051 1052 955 944 81 946 849
4 3.1796875000e+05 4.7500000000e+04 955 1052 1053 956 945 82 947 850
4 3.2182291667e+05 4.7500000000e+04 956 1053 1054 957 946 83 948 851
4 3.2567708333e+05 4.7500000000e+04 957 1054 1055 958 947 84 949 852
4 3.2953125000e+05 4.7500000000e+04 958 1055 1056 959 948 85 950 853
4 3.3338541667e+05 4.7500000000e+04 959 1056 1057 960 949 86 951 854
4 3.3723958333e+05 4.7500000000e+04 960 1057 1058 961 950 87 952 855
4 3.4109375000e+05 4.7500000000e+04 961 1058 1059 962 951 88 953 856
4 3.4494791667e+05 4.7500000000e+04 962 1059 1060 963 952 89 954 857
4 3.4880208333e+05 4.7500000000e+04 963 1060 1061 964 953 90 955 858
4 3.5265625000e+05 4.7500000000e+04 964 1061 1062 965 954 91 956 859
4 3.5651041667e+05 4.7500000000e+04 965 1062 1063 966 955 92 957 860
4 3.6036458333e+05 4.7500000000e+04 966 1063 1064 967 956 93 958 861
4 3.6421875000e+05 4.7500000000e+04 967 1064 1065 968 957 94 959 862
4 3.6807291667e+05 4.7500000000e+04 968 1065 1066 969 958 95 -1 863
