0 97 1 0 -1
1 98 0 0 1
2 99 0 1 2
3 100 0 2 3
4 101 0 3 4
5 102 0 4 5
6 103 0 5 6
7 104 0 6 7
8 105 0 7 8
9 106 0 8 9
10 107 0 9 10
11 108 0 10 11
12 109 0 11 12
13 110 0 12 13
14 111 0 13 14
15 112 0 14 15
16 113 0 15 16
17 114 0 16 17
18 115 0 17 18
19 116 0 18 19
20 117 0 19 20
21 118 0 20 21
22 119 0 21 22
23 120 0 22 23
24 121 0 23 24
25 122 0 24 25
26 123 0 25 26
27 124 0 26 27
28 125 0 27 28
29 126 0 28 29
30 127 0 29 30
31 128 0 30 31
32 129 0 31 32
33 130 0 32 33
34 131 0 33 34
35 132 0 34 35
36 133 0 35 36
37 134 0 36 37
38 135 0 37 38
39 136 0 38 39
40 137 0 39 40
41 138 0 40 41
42 139 0 41 42
43 140 0 42 43
44 141 0 43 44
45 142 0 44 45
46 143 0 45 46
47 144 0 46 47
48 145 0 47 48
49 146 0 48 49
50 147 0 49 50
51 148 0 50 51
52 149 0 51 52
53 150 0 52 53
54 151 0 53 54
55 152 0 54 55
56 153 0 55 56
57 154 0 56 57
58 155 0 57 58
59 156 0 58 59
60 157 0 59 60
61 158 0 60 61
62 159 0 61 62
63 160 0 62 63
64 161 0 63 64
65 162 0 64 65
66 163 0 65 66
67 164 0 66 67
68 165 0 67 68
69 166 0 68 69
70 167 0 69 70
71 168 0 70 71
72 169 0 71 72
73 170 0 72 73
74 171 0 73 74
75 172 0 74 75
76 173 0 75 76
77 174 0 76 77
78 175 0 77 78
79 176 0 78 79
80 177 0 79 80
81 178 0 80 81
82 179 0 81 82
83 180 0 82 83
84 181 0 83 84
85 182 0 84 85
86 183 0 85 86
87 184 0 86 87
88 185 0 87 88
89 186 0 88 89
90 187 0 89 90
91 188 0 90 91
92 189 0 91 92
93 190 0 92 93
94 191 0 93 94
95 192 0 94 95
96 193 1 95 -1
97 194 1 96 -1
98 195 0 96 97
99 196 0 97 98
100 197 0 98 99
101 198 0 99 100
102 199 0 100 101
103 200 0 101 102
104 201 0 102 103
105 202 0 103 104
106 203 0 104 105
107 204 0 105 106
108 205 0 106 107
109 206 0 107 108
110 207 0 108 109
111 208 0 109 110
112 209 0 110 111
113 210 0 111 112
114 211 0 112 113
115 212 0 113 114
116 213 0 114 115
117 214 0 115 116
118 215 0 116 117
119 216 0 117 118
120 217 0 118 119
121 218 0 119 120
122 219 0 120 121
123 220 0 121 122
124 221 0 122 123
125 222 0 123 124
126 223 0 124 125
127 224 0 125 126
128 225 0 126 127
129 226 0 127 128
130 227 0 128 129
131 228 0 129 130
132 229 0 130 131
133 230 0 131 132
134 231 0 132 133
135 232 0 133 134
136 233 0 134 135
137 234 0 135 136
138 235 0 136 137
139 236 0 137 138
140 237 0 138 139
141 238 0 139 140
142 239 0 140 141
143 240 0 141 142
144 241 0 142 143
145 242 0 143 144
146 243 0 144 145
147 244 0 145 146
148 245 0 146 147
149 246 0 147 148
150 247 0 148 149
151 248 0 149 150
152 249 0 150 151
153 250 0 151 152
154 251 0 152 153
155 252 0 153 154
156 253 0 154 155
157 254 0 155 156
158 255 0 156 157
159 256 0 157 158
160 257 0 158 159
161 258 0 159 160
162 259 0 160 161
163 260 0 161 162
164 261 0 162 163
165 262 0 163 164
166 263 0 164 165
167 264 0 165 166
168 265 0 166 167
169 266 0 167 168
170 267 0 168 169
171 268 0 169 170
172 269 0 170 171
173 270 0 171 172
174 271 0 172 173
175 272 0 173 174
176 273 0 174 175
177 274 0 175 176
178 275 0 176 177
179 276 0 177 178
180 277 0 178 179
181 278 0 179 180
182 279 0 180 181
183 280 0 181 182
184 281 0 182 183
185 282 0 183 184
186 283 0 184 185
187 284 0 185 186
188 285 0 186 187
189 286 0 187 188
190 287 0 188 189
191 288 0 189 190
192 289 0 190 191
193 290 1 191 -1
194 291 1 192 -1
195 292 0 192 193
196 293 0 193 194
197 294 0 194 195
198 295 0 195 196
199 296 0 196 197
200 297 0 197 198
201 298 0 198 199
202 299 0 199 200
203 300 0 200 201
204 301 0 201 202
205 302 0 202 203
206 303 0 203 204
207 304 0 204 205
208 305 0 205 206
209 306 0 206 207
210 307 0 207 208
211 308 0 208 209
212 309 0 209 210
213 310 0 210 211
214 311 0 211 212
215 312 0 212 213
216 313 0 213 214
217 314 0 214 215
218 315 0 215 216
219 316 0 216 217
220 317 0 217 218
221 318 0 218 219
222 319 0 219 220
223 320 0 220 221
224 321 0 221 222
225 322 0 222 223
226 323 0 223 224
227 324 0 224 225
228 325 0 225 226
229 326 0 226 227
230 327 0 227 228
231 328 0 228 229
232 329 0 229 230
233 330 0 230 231
234 331 0 231 232
235 332 0 232 233
236 333 0 233 234
237 334 0 234 235
238 335 0 235 236
239 336 0 236 237
240 337 0 237 238
241 338 0 238 239
242 339 0 239 240
243 340 0 240 241
244 341 0 241 242
245 342 0 242 243
246 343 0 243 244
247 344 0 244 245
248 345 0 245 246
249 346 0 246 247
250 347 0 247 248
251 348 0 248 249
252 349 0 249 250
253 350 0 250 251
254 351 0 251 252
255 352 0 252 253
256 353 0 253 254
257 354 0 254 255
258 355 0 255 256
259 356 0 256 257
260 357 0 257 258
261 358 0 258 259
262 359 0 259 260
263 360 0 260 261
264 361 0 261 262
265 362 0 262 263
266 363 0 263 264
267 364 0 264 265
268 365 0 265 266
269 366 0 266 267
270 367 0 267 268
271 368 0 268 269
272 369 0 269 270
273 370 0 270 271
274 371 0 271 272
275 372 0 272 273
276 373 0 273 274
277 374 0 274 275
278 375 0 275 276
279 376 0 276 277
280 377 0 277 278
281 378 0 278 279
282 379 0 279 280
283 380 0 280 281
284 381 0 281 282
285 382 0 282 283
286 383 0 283 284
287 384 0 284 285
288 385 0 285 286
289 386 0 286 287
290 387 1 287 -1
291 388 1 288 -1
292 389 0 288 289
293 390 0 289 290
294 391 0 290 291
295 392 0 291 292
296 393 0 292 293
297 394 0 293 294
298 395 0 294 295
299 396 0 295 296
300 397 0 296 297
301 398 0 297 298
302 399 0 298 299
303 400 0 299 300
304 401 0 300 301
305 402 0 301 302
306 403 0 302 303
307 404 0 303 304
308 405 0 304 305
309 406 0 305 306
310 407 0 306 307
311 408 0 307 308
312 409 0 308 309
313 410 0 309 310
314 411 0 310 311
315 412 0 311 312
316 413 0 312 313
317 414 0 313 314
318 415 0 314 315
319 416 0 315 316
320 417 0 316 317
321 418 0 317 318
322 419 0 318 319
323 420 0 319 320
324 421 0 320 321
325 422 0 321 322
326 423 0 322 323
327 424 0 323 324
328 425 0 324 325
329 426 0 325 326
330 427 0 326 327
331 428 0 327 328
332 429 0 328 329
333 430 0 329 330
334 431 0 330 331
335 432 0 331 332
336 433 0 332 333
337 434 0 333 334
338 435 0 334 335
339 436 0 335 336
340 437 0 336 337
341 438 0 337 338
342 439 0 338 339
343 440 0 339 340
344 441 0 340 341
345 442 0 341 342
346 443 0 342 343
347 444 0 343 344
348 445 0 344 345
349 446 0 345 346
350 447 0 346 347
351 448 0 347 348
352 449 0 348 349
353 450 0 349 350
354 451 0 350 351
355 452 0 351 352
356 453 0 352 353
357 454 0 353 354
358 455 0 354 355
359 456 0 355 356
360 457 0 356 357
361 458 0 357 358
362 459 0 358 359
363 460 0 359 360
364 461 0 360 361
365 462 0 361 362
366 463 0 362 363
367 464 0 363 364
368 465 0 364 365
369 466 0 365 366
370 467 0 366 367
371 468 0 367 368
372 469 0 368 369
373 470 0 369 370
374 471 0 370 371
375 472 0 371 372
376 473 0 372 373
377 474 0 373 374
378 475 0 374 375
379 476 0 375 376
380 477 0 376 377
381 478 0 377 378
382 479 0 378 379
383 480 0 379 380
384 481 0 380 381
385 482 0 381 382
386 483 0 382 383
387 484 1 383 -1
388 485 1 384 -1
389 486 0 384 385
390 487 0 385 386
391 488 0 386 387
392 489 0 387 388
393 490 0 388 389
394 491 0 389 390
395 492 0 390 391
396 493 0 391 392
397 494 0 392 393
398 495 0 393 394
399 496 0 394 395
400 497 0 395 396
401 498 0 396 397
402 499 0 397 398
403 500 0 398 399
404 501 0 399 400
405 502 0 400 401
406 503 0 401 402
407 504 0 402 403
408 505 0 403 404
409 506 0 404 405
410 507 0 405 406
411 508 0 406 407
412 509 0 407 408
413 510 0 408 409
414 511 0 409 410
415 512 0 410 411
416 513 0 411 412
417 514 0 412 413
418 515 0 413 414
419 516 0 414 415
420 517 0 415 416
421 518 0 416 417
422 519 0 417 418
423 520 0 418 419
424 521 0 419 420
425 522 0 420 421
426 523 0 421 422
427 524 0 422 423
428 525 0 423 424
429 526 0 424 425
430 527 0 425 426
431 528 0 426 427
432 529 0 427 428
433 530 0 428 429
434 531 0 429 430
435 532 0 430 431
436 533 0 431 432
437 534 0 432 433
438 535 0 433 434
439 536 0 434 435
440 537 0 435 436
441 538 0 436 437
442 539 0 437 438
443 540 0 438 439
444 541 0 439 440
445 542 0 440 441
446 543 0 441 442
447 544 0 442 443
448 545 0 443 444
449 546 0 444 445
450 547 0 445 446
451 548 0 446 447
452 549 0 447 448
453 550 0 448 449
454 551 0 449 450
455 552 0 450 451
456 553 0 451 452
457 554 0 452 453
458 555 0 453 454
459 556 0 454 455
460 557 0 455 456
461 558 0 456 457
462 559 0 457 458
463 560 0 458 459
464 561 0 459 460
465 562 0 460 461
466 563 0 461 462
467 564 0 462 463
468 565 0 463 464
469 566 0 464 465
470 567 0 465 466
471 568 0 466 467
472 569 0 467 468
473 570 0 468 469
474 571 0 469 470
475 572 0 470 471
476 573 0 471 472
477 574 0 472 473
478 575 0 473 474
479 576 0 474 475
480 577 0 475 476
481 578 0 476 477
482 579 0 477 478
483 580 0 478 479
484 581 1 479 -1
485 582 1 480 -1
486 583 0 480 481
487 584 0 481 482
488 585 0 482 483
489 586 0 483 484
490 587 0 484 485
491 588 0 485 486
492 589 0 486 487
493 590 0 487 488
494 591 0 488 489
495 592 0 489 490
496 593 0 490 491
497 594 0 491 492
498 595 0 492 493
499 596 0 493 494
500 597 0 494 495
501 598 0 495 496
502 599 0 496 497
503 600 0 497 498
504 601 0 498 499
505 602 0 499 500
506 603 0 500 501
507 604 0 501 502
508 605 0 502 503
509 606 0 503 504
510 607 0 504 505
511 608 0 505 506
512 609 0 506 507
513 610 0 507 508
514 611 0 508 509
515 612 0 509 510
516 613 0 510 511
517 614 0 511 512
518 615 0 512 513
519 616 0 513 514
520 617 0 514 515
521 618 0 515 516
522 619 0 516 517
523 620 0 517 518
524 621 0 518 519
525 622 0 519 520
526 623 0 520 521
527 624 0 521 522
528 625 0 522 523
529 626 0 523 524
530 627 0 524 525
531 628 0 525 526
532 629 0 526 527
533 630 0 527 528
534 631 0 528 529
535 632 0 529 530
536 633 0 530 531
537 634 0 531 532
538 635 0 532 533
539 636 0 533 534
540 637 0 534 535
541 638 0 535 536
542 639 0 536 537
543 640 0 537 538
544 641 0 538 539
545 642 0 539 540
546 643 0 540 541
547 644 0 541 542
548 645 0 542 543
549 646 0 543 544
550 647 0 544 545
551 648 0 545 546
552 649 0 546 547
553 650 0 547 548
554 651 0 548 549
555 652 0 549 550
556 653 0 550 551
557 654 0 551 552
558 655 0 552 553
559 656 0 553 554
560 657 0 554 555
561 658 0 555 556
562 659 0 556 557
563 660 0 557 558
564 661 0 558 559
565 662 0 559 560
566 663 0 560 561
567 664 0 561 562
568 665 0 562 563
569 666 0 563 564
570 667 0 564 565
571 668 0 565 566
572 669 0 566 567
573 670 0 567 568
574 671 0 568 569
575 672 0 569 570
576 673 0 570 571
577 674 0 571 572
578 675 0 572 573
579 676 0 573 574
580 677 0 574 575
581 678 1 575 -1
582 679 1 576 -1
583 680 0 576 577
584 681 0 577 578
585 682 0 578 579
586 683 0 579 580
587 684 0 580 581
588 685 0 581 582
589 686 0 582 583
590 687 0 583 584
591 688 0 584 585
592 689 0 585 586
593 690 0 586 587
594 691 0 587 588
595 692 0 588 589
596 693 0 589 590
597 694 0 590 591
598 695 0 591 592
599 696 0 592 593
600 697 0 593 594
601 698 0 594 595
602 699 0 595 596
603 700 0 596 597
604 701 0 597 598
605 702 0 598 599
606 703 0 599 600
607 704 0 600 601
608 705 0 601 602
609 706 0 602 603
610 707 0 603 604
611 708 0 604 605
612 709 0 605 606
613 710 0 606 607
614 711 0 607 608
615 712 0 608 609
616 713 0 609 610
617 714 0 610 611
618 715 0 611 612
619 716 0 612 613
620 717 0 613 614
621 718 0 614 615
622 719 0 615 616
623 720 0 616 617
624 721 0 617 618
625 722 0 618 619
626 723 0 619 620
627 724 0 620 621
628 725 0 621 622
629 726 0 622 623
630 727 0 623 624
631 728 0 624 625
632 729 0 625 626
633 730 0 626 627
634 731 0 627 628
635 732 0 628 629
636 733 0 629 630
637 734 0 630 631
638 735 0 631 632
639 736 0 632 633
640 737 0 633 634
641 738 0 634 635
642 739 0 635 636
643 740 0 636 637
644 741 0 637 638
645 742 0 638 639
646 743 0 639 640
647 744 0 640 641
648 745 0 641 642
649 746 0 642 643
650 747 0 643 644
651 748 0 644 645
652 749 0 645 646
653 750 0 646 647
654 751 0 647 648
655 752 0 648 649
656 753 0 649 650
657 754 0 650 651
658 755 0 651 652
659 756 0 652 653
660 757 0 653 654
661 758 0 654 655
662 759 0 655 656
663 760 0 656 657
664 761 0 657 658
665 762 0 658 659
666 763 0 659 660
667 764 0 660 661
668 765 0 661 662
669 766 0 662 663
670 767 0 663 664
671 768 0 664 665
672 769 0 665 666
673 770 0 666 667
674 771 0 667 668
675 772 0 668 669
676 773 0 669 670
677 774 0 670 671
678 775 1 671 -1
679 776 1 672 -1
680 777 0 672 673
681 778 0 673 674
682 779 0 674 675
683 780 0 675 676
684 781 0 676 677
685 782 0 677 678
686 783 0 678 679
687 784 0 679 680
688 785 0 680 681
689 786 0 681 682
690 787 0 682 683
691 788 0 683 684
692 789 0 684 685
693 790 0 685 686
694 791 0 686 687
695 792 0 687 688
696 793 0 688 689
697 794 0 689 690
698 795 0 690 691
699 796 0 691 692
700 797 0 692 693
701 798 0 693 694
702 799 0 694 695
703 800 0 695 696
704 801 0 696 697
705 802 0 697 698
706 803 0 698 699
707 804 0 699 700
708 805 0 700 701
709 806 0 701 702
710 807 0 702 703
711 808 0 703 704
712 809 0 704 705
713 810 0 705 706
714 811 0 706 707
715 812 0 707 708
716 813 0 708 709
717 814 0 709 710
718 815 0 710 711
719 816 0 711 712
720 817 0 712 713
721 818 0 713 714
722 819 0 714 715
723 820 0 715 716
724 821 0 716 717
725 822 0 717 718
726 823 0 718 719
727 824 0 719 720
728 825 0 720 721
729 826 0 721 722
730 827 0 722 723
731 828 0 723 724
732 829 0 724 725
733 830 0 725 726
734 831 0 726 727
735 832 0 727 728
736 833 0 728 729
737 834 0 729 730
738 835 0 730 731
739 836 0 731 732
740 837 0 732 733
741 838 0 733 734
742 839 0 734 735
743 840 0 735 736
744 841 0 736 737
745 842 0 737 738
746 843 0 738 739
747 844 0 739 740
748 845 0 740 741
749 846 0 741 742
750 847 0 742 743
751 848 0 743 744
752 849 0 744 745
753 850 0 745 746
754 851 0 746 747
755 852 0 747 748
756 853 0 748 749
757 854 0 749 750
758 855 0 750 751
759 856 0 751 752
760 857 0 752 753
761 858 0 753 754
762 859 0 754 755
763 860 0 755 756
764 861 0 756 757
765 862 0 757 758
766 863 0 758 759
767 864 0 759 760
768 865 0 760 761
769 866 0 761 762
770 867 0 762 763
771 868 0 763 764
772 869 0 764 765
773 870 0 765 766
774 871 0 766 767
775 872 1 767 -1
776 873 1 768 -1
777 874 0 768 769
778 875 0 769 770
779 876 0 770 771
780 877 0 771 772
781 878 0 772 773
782 879 0 773 774
783 880 0 774 775
784 881 0 775 776
785 882 0 776 777
786 883 0 777 778
787 884 0 778 779
788 885 0 779 780
789 886 0 780 781
790 887 0 781 782
791 888 0 782 783
792 889 0 783 784
793 890 0 784 785
794 891 0 785 786
795 892 0 786 787
796 893 0 787 788
797 894 0 788 789
798 895 0 789 790
799 896 0 790 791
800 897 0 791 792
801 898 0 792 793
802 899 0 793 794
803 900 0 794 795
804 901 0 795 796
805 902 0 796 797
806 903 0 797 798
807 904 0 798 799
808 905 0 799 800
809 906 0 800 801
810 907 0 801 802
811 908 0 802 803
812 909 0 803 804
813 910 0 804 805
814 911 0 805 806
815 912 0 806 807
816 913 0 807 808
817 914 0 808 809
818 915 0 809 810
819 916 0 810 811
820 917 0 811 812
821 918 0 812 813
822 919 0 813 814
823 920 0 814 815
824 921 0 815 816
825 922 0 816 817
826 923 0 817 818
827 924 0 818 819
828 925 0 819 820
829 926 0 820 821
830 927 0 821 822
831 928 0 822 823
832 929 0 823 824
833 930 0 824 825
834 931 0 825 826
835 932 0 826 827
836 933 0 827 828
837 934 0 828 829
838 935 0 829 830
839 936 0 830 831
840 937 0 831 832
841 938 0 832 833
842 939 0 833 834
843 940 0 834 835
844 941 0 835 836
845 942 0 836 837
846 943 0 837 838
847 944 0 838 839
848 945 0 839 840
849 946 0 840 841
850 947 0 841 842
851 948 0 842 843
852 949 0 843 844
853 950 0 844 845
854 951 0 845 846
855 952 0 846 847
856 953 0 847 848
857 954 0 848 849
858 955 0 849 850
859 956 0 850 851
860 957 0 851 852
861 958 0 852 853
862 959 0 853 854
863 960 0 854 855
864 961 0 855 856
865 962 0 856 857
866 963 0 857 858
867 964 0 858 859
868 965 0 859 860
869 966 0 860 861
870 967 0 861 862
871 968 0 862 863
872 969 1 863 -1
873 970 1 864 -1
874 971 0 864 865
875 972 0 865 866
876 973 0 866 867
877 974 0 867 868
878 975 0 868 869
879 976 0 869 870
880 977 0 870 871
881 978 0 871 872
882 979 0 872 873
883 980 0 873 874
884 981 0 874 875
885 982 0 875 876
886 983 0 876 877
887 984 0 877 878
888 985 0 878 879
889 986 0 879 880
890 987 0 880 881
891 988 0 881 882
892 989 0 882 883
893 990 0 883 884
894 991 0 884 885
895 992 0 885 886
896 993 0 886 887
897 994 0 887 888
898 995 0 888 889
899 996 0 889 890
900 997 0 890 891
901 998 0 891 892
902 999 0 892 893
903 1000 0 893 894
904 1001 0 894 895
905 1002 0 895 896
906 1003 0 896 897
907 1004 0 897 898
908 1005 0 898 899
909 1006 0 899 900
910 1007 0 900 901
911 1008 0 901 902
912 1009 0 902 903
913 1010 0 903 904
914 1011 0 904 905
915 1012 0 905 906
916 1013 0 906 907
917 1014 0 907 908
918 1015 0 908 909
919 1016 0 909 910
920 1017 0 910 911
921 1018 0 911 912
922 1019 0 912 913
923 1020 0 913 914
924 1021 0 914 915
925 1022 0 915 916
926 1023 0 916 917
927 1024 0 917 918
928 1025 0 918 919
929 1026 0 919 920
930 1027 0 920 921
931 1028 0 921 922
932 1029 0 922 923
933 1030 0 923 924
934 1031 0 924 925
935 1032 0 925 926
936 1033 0 926 927
937 1034 0 927 928
938 1035 0 928 929
939 1036 0 929 930
940 1037 0 930 931
941 1038 0 931 932
942 1039 0 932 933
943 1040 0 933 934
944 1041 0 934 935
945 1042 0 935 936
946 1043 0 936 937
947 1044 0 937 938
948 1045 0 938 939
949 1046 0 939 940
950 1047 0 940 941
951 1048 0 941 942
952 1049 0 942 943
953 1050 0 943 944
954 1051 0 944 945
955 1052 0 945 946
956 1053 0 946 947
957 1054 0 947 948
958 1055 0 948 949
959 1056 0 949 950
960 1057 0 950 951
961 1058 0 951 952
962 1059 0 952 953
963 1060 0 953 954
964 1061 0 954 955
965 1062 0 955 956
966 1063 0 956 957
967 1064 0 957 958
968 1065 0 958 959
969 1066 1 959 -1
0 1 0 0 864
1 2 0 1 865
2 3 0 2 866
3 4 0 3 867
4 5 0 4 868
5 6 0 5 869
6 7 0 6 870
7 8 0 7 871
8 9 0 8 872
9 10 0 9 873
10 11 0 10 874
11 12 0 11 875
12 13 0 12 876
13 14 0 13 877
14 15 0 14 878
15 16 0 15 879
16 17 0 16 880
17 18 0 17 881
18 19 0 18 882
19 20 0 19 883
20 21 0 20 884
21 22 0 21 885
22 23 0 22 886
23 24 0 23 887
24 25 0 24 888
25 26 0 25 889
26 27 0 26 890
27 28 0 27 891
28 29 0 28 892
29 30 0 29 893
30 31 0 30 894
31 32 0 31 895
32 33 0 32 896
33 34 0 33 897
34 35 0 34 898
35 36 0 35 899
36 37 0 36 900
37 38 0 37 901
38 39 0 38 902
39 40 0 39 903
40 41 0 40 904
41 42 0 41 905
42 43 0 42 906
43 44 0 43 907
44 45 0 44 908
45 46 0 45 909
46 47 0 46 910
47 48 0 47 911
48 49 0 48 912
49 50 0 49 913
50 51 0 50 914
51 52 0 51 915
52 53 0 52 916
53 54 0 53 917
54 55 0 54 918
55 56 0 55 919
56 57 0 56 920
57 58 0 57 921
58 59 0 58 922
59 60 0 59 923
60 61 0 60 924
61 62 0 61 925
62 63 0 62 926
63 64 0 63 927
64 65 0 64 928
65 66 0 65 929
66 67 0 66 930
67 68 0 67 931
68 69 0 68 932
69 70 0 69 933
70 71 0 70 934
71 72 0 71 935
72 73 0 72 936
73 74 0 73 937
74 75 0 74 938
75 76 0 75 939
76 77 0 76 940
77 78 0 77 941
78 79 0 78 942
79 80 0 79 943
80 81 0 80 944
81 82 0 81 945
82 83 0 82 946
83 84 0 83 947
84 85 0 84 948
85 86 0 85 949
86 87 0 86 950
87 88 0 87 951
88 89 0 88 952
89 90 0 89 953
90 91 0 90 954
91 92 0 91 955
92 93 0 92 956
93 94 0 93 957
94 95 0 94 958
95 96 0 95 959
97 98 0 96 0
98 99 0 97 1
99 100 0 98 2
100 101 0 99 3
101 102 0 100 4
102 103 0 101 5
103 104 0 102 6
104 105 0 103 7
105 106 0 104 8
106 107 0 105 9
107 108 0 106 10
108 109 0 107 11
109 110 0 108 12
110 111 0 109 13
111 112 0 110 14
112 113 0 111 15
113 114 0 112 16
114 115 0 113 17
115 116 0 114 18
116 117 0 115 19
117 118 0 116 20
118 119 0 117 21
119 120 0 118 22
120 121 0 119 23
121 122 0 120 24
122 123 0 121 25
123 124 0 122 26
124 125 0 123 27
125 126 0 124 28
126 127 0 125 29
127 128 0 126 30
128 129 0 127 31
129 130 0 128 32
130 131 0 129 33
131 132 0 130 34
132 133 0 131 35
133 134 0 132 36
134 135 0 133 37
135 136 0 134 38
136 137 0 135 39
137 138 0 136 40
138 139 0 137 41
139 140 0 138 42
140 141 0 139 43
141 142 0 140 44
142 143 0 141 45
143 144 0 142 46
144 145 0 143 47
145 146 0 144 48
146 147 0 145 49
147 148 0 146 50
148 149 0 147 51
149 150 0 148 52
150 151 0 149 53
151 152 0 150 54
152 153 0 151 55
153 154 0 152 56
154 155 0 153 57
155 156 0 154 58
156 157 0 155 59
157 158 0 156 60
158 159 0 157 61
159 160 0 158 62
160 161 0 159 63
161 162 0 160 64
162 163 0 161 65
163 164 0 162 66
164 165 0 163 67
165 166 0 164 68
166 167 0 165 69
167 168 0 166 70
168 169 0 167 71
169 170 0 168 72
170 171 0 169 73
171 172 0 170 74
172 173 0 171 75
173 174 0 172 76
174 175 0 173 77
175 176 0 174 78
176 177 0 175 79
177 178 0 176 80
178 179 0 177 81
179 180 0 178 82
180 181 0 179 83
181 182 0 180 84
182 183 0 181 85
183 184 0 182 86
184 185 0 183 87
185 186 0 184 88
186 187 0 185 89
187 188 0 186 90
188 189 0 187 91
189 190 0 188 92
190 191 0 189 93
191 192 0 190 94
192 193 0 191 95
194 195 0 192 96
195 196 0 193 97
196 197 0 194 98
197 198 0 195 99
198 199 0 196 100
199 200 0 197 101
200 201 0 198 102
201 202 0 199 103
202 203 0 200 104
203 204 0 201 105
204 205 0 202 106
205 206 0 203 107
206 207 0 204 108
207 208 0 205 109
208 209 0 206 110
209 210 0 207 111
210 211 0 208 112
211 212 0 209 113
212 213 0 210 114
213 214 0 211 115
214 215 0 212 116
215 216 0 213 117
216 217 0 214 118
217 218 0 215 119
218 219 0 216 120
219 220 0 217 121
220 221 0 218 122
221 222 0 219 123
222 223 0 220 124
223 224 0 221 125
224 225 0 222 126
225 226 0 223 127
226 227 0 224 128
227 228 0 225 129
228 229 0 226 130
229 230 0 227 131
230 231 0 228 132
231 232 0 229 133
232 233 0 230 134
233 234 0 231 135
234 235 0 232 136
235 236 0 233 137
236 237 0 234 138
237 238 0 235 139
238 239 0 236 140
239 240 0 237 141
240 241 0 238 142
241 242 0 239 143
242 243 0 240 144
243 244 0 241 145
244 245 0 242 146
245 246 0 243 147
246 247 0 244 148
247 248 0 245 149
248 249 0 246 150
249 250 0 247 151
250 251 0 248 152
251 252 0 249 153
252 253 0 250 154
253 254 0 251 155
254 255 0 252 156
255 256 0 253 157
256 257 0 254 158
257 258 0 255 159
258 259 0 256 160
259 260 0 257 161
260 261 0 258 162
261 262 0 259 163
262 263 0 260 164
263 264 0 261 165
264 265 0 262 166
265 266 0 263 167
266 267 0 264 168
267 268 0 265 169
268 269 0 266 170
269 270 0 267 171
270 271 0 268 172
271 272 0 269 173
272 273 0 270 174
273 274 0 271 175
274 275 0 272 176
275 276 0 273 177
276 277 0 274 178
277 278 0 275 179
278 279 0 276 180
279 280 0 277 181
280 281 0 278 182
281 282 0 279 183
282 283 0 280 184
283 284 0 281 185
284 285 0 282 186
285 286 0 283 187
286 287 0 284 188
287 288 0 285 189
288 289 0 286 190
289 290 0 287 191
291 292 0 288 192
292 293 0 289 193
293 294 0 290 194
294 295 0 291 195
295 296 0 292 196
296 297 0 293 197
297 298 0 294 198
298 299 0 295 199
299 300 0 296 200
300 301 0 297 201
301 302 0 298 202
302 303 0 299 203
303 304 0 300 204
304 305 0 301 205
305 306 0 302 206
306 307 0 303 207
307 308 0 304 208
308 309 0 305 209
309 310 0 306 210
310 311 0 307 211
311 312 0 308 212
312 313 0 309 213
313 314 0 310 214
314 315 0 311 215
315 316 0 312 216
316 317 0 313 217
317 318 0 314 218
318 319 0 315 219
319 320 0 316 220
320 321 0 317 221
321 322 0 318 222
322 323 0 319 223
323 324 0 320 224
324 325 0 321 225
325 326 0 322 226
326 327 0 323 227
327 328 0 324 228
328 329 0 325 229
329 330 0 326 230
330 331 0 327 231
331 332 0 328 232
332 333 0 329 233
333 334 0 330 234
334 335 0 331 235
335 336 0 332 236
336 337 0 333 237
337 338 0 334 238
338 339 0 335 239
339 340 0 336 240
340 341 0 337 241
341 342 0 338 242
342 343 0 339 243
343 344 0 340 244
344 345 0 341 245
345 346 0 342 246
346 347 0 343 247
347 348 0 344 248
348 349 0 345 249
349 350 0 346 250
350 351 0 347 251
351 352 0 348 252
352 353 0 349 253
353 354 0 350 254
354 355 0 351 255
355 356 0 352 256
356 357 0 353 257
357 358 0 354 258
358 359 0 355 259
359 360 0 356 260
360 361 0 357 261
361 362 0 358 262
362 363 0 359 263
363 364 0 360 264
364 365 0 361 265
365 366 0 362 266
366 367 0 363 267
367 368 0 364 268
368 369 0 365 269
369 370 0 366 270
370 371 0 367 271
371 372 0 368 272
372 373 0 369 273
373 374 0 370 274
374 375 0 371 275
375 376 0 372 276
376 377 0 373 277
377 378 0 374 278
378 379 0 375 279
379 380 0 376 280
380 381 0 377 281
381 382 0 378 282
382 383 0 379 283
383 384 0 380 284
384 385 0 381 285
385 386 0 382 286
386 387 0 383 287
388 389 0 384 288
389 390 0 385 289
390 391 0 386 290
391 392 0 387 291
392 393 0 388 292
393 394 0 389 293
394 395 0 390 294
395 396 0 391 295
396 397 0 392 296
397 398 0 393 297
398 399 0 394 298
399 400 0 395 299
400 401 0 396 300
401 402 0 397 301
402 403 0 398 302
403 404 0 399 303
404 405 0 400 304
405 406 0 401 305
406 407 0 402 306
407 408 0 403 307
408 409 0 404 308
409 410 0 405 309
410 411 0 406 310
411 412 0 407 311
412 413 0 408 312
413 414 0 409 313
414 415 0 410 314
415 416 0 411 315
416 417 0 412 316
417 418 0 413 317
418 419 0 414 318
419 420 0 415 319
420 421 0 416 320
421 422 0 417 321
422 423 0 418 322
423 424 0 419 323
424 425 0 420 324
425 426 0 421 325
426 427 0 422 326
427 428 0 423 327
428 429 0 424 328
429 430 0 425 329
430 431 0 426 330
431 432 0 427 331
432 433 0 428 332
433 434 0 429 333
434 435 0 430 334
435 436 0 431 335
436 437 0 432 336
437 438 0 433 337
438 439 0 434 338
439 440 0 435 339
440 441 0 436 340
441 442 0 437 341
442 443 0 438 342
443 444 0 439 343
444 445 0 440 344
445 446 0 441 345
446 447 0 442 346
447 448 0 443 347
448 449 0 444 348
449 450 0 445 349
450 451 0 446 350
451 452 0 447 351
452 453 0 448 352
453 454 0 449 353
454 455 0 450 354
455 456 0 451 355
456 457 0 452 356
457 458 0 453 357
458 459 0 454 358
459 460 0 455 359
460 461 0 456 360
461 462 0 457 361
462 463 0 458 362
463 464 0 459 363
464 465 0 460 364
465 466 0 461 365
466 467 0 462 366
467 468 0 463 367
468 469 0 464 368
469 470 0 465 369
470 471 0 466 370
471 472 0 467 371
472 473 0 468 372
473 474 0 469 373
474 475 0 470 374
475 476 0 471 375
476 477 0 472 376
477 478 0 473 377
478 479 0 474 378
479 480 0 475 379
480 481 0 476 380
481 482 0 477 381
482 483 0 478 382
483 484 0 479 383
485 486 0 480 384
486 487 0 481 385
487 488 0 482 386
488 489 0 483 387
489 490 0 484 388
490 491 0 485 389
491 492 0 486 390
492 493 0 487 391
493 494 0 488 392
494 495 0 489 393
495 496 0 490 394
496 497 0 491 395
497 498 0 492 396
498 499 0 493 397
499 500 0 494 398
500 501 0 495 399
501 502 0 496 400
502 503 0 497 401
503 504 0 498 402
504 505 0 499 403
505 506 0 500 404
506 507 0 501 405
507 508 0 502 406
508 509 0 503 407
509 510 0 504 408
510 511 0 505 409
511 512 0 506 410
512 513 0 507 411
513 514 0 508 412
514 515 0 509 413
515 516 0 510 414
516 517 0 511 415
517 518 0 512 416
518 519 0 513 417
519 520 0 514 418
520 521 0 515 419
521 522 0 516 420
522 523 0 517 421
523 524 0 518 422
524 525 0 519 423
525 526 0 520 424
526 527 0 521 425
527 528 0 522 426
528 529 0 523 427
529 530 0 524 428
530 531 0 525 429
531 532 0 526 430
532 533 0 527 431
533 534 0 528 432
534 535 0 529 433
535 536 0 530 434
536 537 0 531 435
537 538 0 532 436
538 539 0 533 437
539 540 0 534 438
540 541 0 535 439
541 542 0 536 440
542 543 0 537 441
543 544 0 538 442
544 545 0 539 443
545 546 0 540 444
546 547 0 541 445
547 548 0 542 446
548 549 0 543 447
549 550 0 544 448
550 551 0 545 449
551 552 0 546 450
552 553 0 547 451
553 554 0 548 452
554 555 0 549 453
555 556 0 550 454
556 557 0 551 455
557 558 0 552 456
558 559 0 553 457
559 560 0 554 458
560 561 0 555 459
561 562 0 556 460
562 563 0 557 461
563 564 0 558 462
564 565 0 559 463
565 566 0 560 464
566 567 0 561 465
567 568 0 562 466
568 569 0 563 467
569 570 0 564 468
570 571 0 565 469
571 572 0 566 470
572 573 0 567 471
573 574 0 568 472
574 575 0 569 473
575 576 0 570 474
576 577 0 571 475
577 578 0 572 476
578 579 0 573 477
579 580 0 574 478
580 581 0 575 479
582 583 0 576 480
583 584 0 577 481
584 585 0 578 482
585 586 0 579 483
586 587 0 580 484
587 588 0 581 485
588 589 0 582 486
589 590 0 583 487
590 591 0 584 488
591 592 0 585 489
592 593 0 586 490
593 594 0 587 491
594 595 0 588 492
595 596 0 589 493
596 597 0 590 494
597 598 0 591 495
598 599 0 592 496
599 600 0 593 497
600 601 0 594 498
601 602 0 595 499
602 603 0 596 500
603 604 0 597 501
604 605 0 598 502
605 606 0 599 503
606 607 0 600 504
607 608 0 601 505
608 609 0 602 506
609 610 0 603 507
610 611 0 604 508
611 612 0 605 509
612 613 0 606 510
613 614 0 607 511
614 615 0 608 512
615 616 0 609 513
616 617 0 610 514
617 618 0 611 515
618 619 0 612 516
619 620 0 613 517
620 621 0 614 518
621 622 0 615 519
622 623 0 616 520
623 624 0 617 521
624 625 0 618 522
625 626 0 619 523
626 627 0 620 524
627 628 0 621 525
628 629 0 622 526
629 630 0 623 527
630 631 0 624 528
631 632 0 625 529
632 633 0 626 530
633 634 0 627 531
634 635 0 628 532
635 636 0 629 533
636 637 0 630 534
637 638 0 631 535
638 639 0 632 536
639 640 0 633 537
640 641 0 634 538
641 642 0 635 539
642 643 0 636 540
643 644 0 637 541
644 645 0 638 542
645 646 0 639 543
646 647 0 640 544
647 648 0 641 545
648 649 0 642 546
649 650 0 643 547
650 651 0 644 548
651 652 0 645 549
652 653 0 646 550
653 654 0 647 551
654 655 0 648 552
655 656 0 649 553
656 657 0 650 554
657 658 0 651 555
658 659 0 652 556
659 660 0 653 557
660 661 0 654 558
661 662 0 655 559
662 663 0 656 560
663 664 0 657 561
664 665 0 658 562
665 666 0 659 563
666 667 0 660 564
667 668 0 661 565
668 669 0 662 566
669 670 0 663 567
670 671 0 664 568
671 672 0 665 569
672 673 0 666 570
673 674 0 667 571
674 675 0 668 572
675 676 0 669 573
676 677 0 670 574
677 678 0 671 575
679 680 0 672 576
680 681 0 673 577
681 682 0 674 578
682 683 0 675 579
683 684 0 676 580
684 685 0 677 581
685 686 0 678 582
686 687 0 679 583
687 688 0 680 584
688 689 0 681 585
689 690 0 682 586
690 691 0 683 587
691 692 0 684 588
692 693 0 685 589
693 694 0 686 590
694 695 0 687 591
695 696 0 688 592
696 697 0 689 593
697 698 0 690 594
698 699 0 691 595
699 700 0 692 596
700 701 0 693 597
701 702 0 694 598
702 703 0 695 599
703 704 0 696 600
704 705 0 697 601
705 706 0 698 602
706 707 0 699 603
707 708 0 700 604
708 709 0 701 605
709 710 0 702 606
710 711 0 703 607
711 712 0 704 608
712 713 0 705 609
713 714 0 706 610
714 715 0 707 611
715 716 0 708 612
716 717 0 709 613
717 718 0 710 614
718 719 0 711 615
719 720 0 712 616
720 721 0 713 617
721 722 0 714 618
722 723 0 715 619
723 724 0 716 620
724 725 0 717 621
725 726 0 718 622
726 727 0 719 623
727 728 0 720 624
728 729 0 721 625
729 730 0 722 626
730 731 0 723 627
731 732 0 724 628
732 733 0 725 629
733 734 0 726 630
734 735 0 727 631
735 736 0 728 632
736 737 0 729 633
737 738 0 730 634
738 739 0 731 635
739 740 0 732 636
740 741 0 733 637
741 742 0 734 638
742 743 0 735 639
743 744 0 736 640
744 745 0 737 641
745 746 0 738 642
746 747 0 739 643
747 748 0 740 644
748 749 0 741 645
749 750 0 742 646
750 751 0 743 647
751 752 0 744 648
752 753 0 745 649
753 754 0 746 650
754 755 0 747 651
755 756 0 748 652
756 757 0 749 653
757 758 0 750 654
758 759 0 751 655
759 760 0 752 656
760 761 0 753 657
761 762 0 754 658
762 763 0 755 659
763 764 0 756 660
764 765 0 757 661
765 766 0 758 662
766 767 0 759 663
767 768 0 760 664
768 769 0 761 665
769 770 0 762 666
770 771 0 763 667
771 772 0 764 668
772 773 0 765 669
773 774 0 766 670
774 775 0 767 671
776 777 0 768 672
777 778 0 769 673
778 779 0 770 674
779 780 0 771 675
780 781 0 772 676
781 782 0 773 677
782 783 0 774 678
783 784 0 775 679
784 785 0 776 680
785 786 0 777 681
786 787 0 778 682
787 788 0 779 683
788 789 0 780 684
789 790 0 781 685
790 791 0 782 686
791 792 0 783 687
792 793 0 784 688
793 794 0 785 689
794 795 0 786 690
795 796 0 787 691
796 797 0 788 692
797 798 0 789 693
798 799 0 790 694
799 800 0 791 695
800 801 0 792 696
801 802 0 793 697
802 803 0 794 698
803 804 0 795 699
804 805 0 796 700
805 806 0 797 701
806 807 0 798 702
807 808 0 799 703
808 809 0 800 704
809 810 0 801 705
810 811 0 802 706
811 812 0 803 707
812 813 0 804 708
813 814 0 805 709
814 815 0 806 710
815 816 0 807 711
816 817 0 808 712
817 818 0 809 713
818 819 0 810 714
819 820 0 811 715
820 821 0 812 716
821 822 0 813 717
822 823 0 814 718
823 824 0 815 719
824 825 0 816 720
825 826 0 817 721
826 827 0 818 722
827 828 0 819 723
828 829 0 820 724
829 830 0 821 725
830 831 0 822 726
831 832 0 823 727
832 833 0 824 728
833 834 0 825 729
834 835 0 826 730
835 836 0 827 731
836 837 0 828 732
837 838 0 829 733
838 839 0 830 734
839 840 0 831 735
840 841 0 832 736
841 842 0 833 737
842 843 0 834 738
843 844 0 835 739
844 845 0 836 740
845 846 0 837 741
846 847 0 838 742
847 848 0 839 743
848 849 0 840 744
849 850 0 841 745
850 851 0 842 746
851 852 0 843 747
852 853 0 844 748
853 854 0 845 749
854 855 0 846 750
855 856 0 847 751
856 857 0 848 752
857 858 0 849 753
858 859 0 850 754
859 860 0 851 755
860 861 0 852 756
861 862 0 853 757
862 863 0 854 758
863 864 0 855 759
864 865 0 856 760
865 866 0 857 761
866 867 0 858 762
867 868 0 859 763
868 869 0 860 764
869 870 0 861 765
870 871 0 862 766
871 872 0 863 767
873 874 0 864 768
874 875 0 865 769
875 876 0 866 770
876 877 0 867 771
877 878 0 868 772
878 879 0 869 773
879 880 0 870 774
880 881 0 871 775
881 882 0 872 776
882 883 0 873 777
883 884 0 874 778
884 885 0 875 779
885 886 0 876 780
886 887 0 877 781
887 888 0 878 782
888 889 0 879 783
889 890 0 880 784
890 891 0 881 785
891 892 0 882 786
892 893 0 883 787
893 894 0 884 788
894 895 0 885 789
895 896 0 886 790
896 897 0 887 791
897 898 0 888 792
898 899 0 889 793
899 900 0 890 794
900 901 0 891 795
901 902 0 892 796
902 903 0 893 797
903 904 0 894 798
904 905 0 895 799
905 906 0 896 800
906 907 0 897 801
907 908 0 898 802
908 909 0 899 803
909 910 0 900 804
910 911 0 901 805
911 912 0 902 806
912 913 0 903 807
913 914 0 904 808
914 915 0 905 809
915 916 0 906 810
916 917 0 907 811
917 918 0 908 812
918 919 0 909 813
919 920 0 910 814
920 921 0 911 815
921 922 0 912 816
922 923 0 913 817
923 924 0 914 818
924 925 0 915 819
925 926 0 916 820
926 927 0 917 821
927 928 0 918 822
928 929 0 919 823
929 930 0 920 824
930 931 0 921 825
931 932 0 922 826
932 933 0 923 827
933 934 0 924 828
934 935 0 925 829
935 936 0 926 830
936 937 0 927 831
937 938 0 928 832
938 939 0 929 833
939 940 0 930 834
940 941 0 931 835
941 942 0 932 836
942 943 0 933 837
943 944 0 934 838
944 945 0 935 839
945 946 0 936 840
946 947 0 937 841
947 948 0 938 842
948 949 0 939 843
949 950 0 940 844
950 951 0 941 845
951 952 0 942 846
952 953 0 943 847
953 954 0 944 848
954 955 0 945 849
955 956 0 946 850
956 957 0 947 851
957 958 0 948 852
958 959 0 949 853
959 960 0 950 854
960 961 0 951 855
961 962 0 952 856
962 963 0 953 857
963 964 0 954 858
964 965 0 955 859
965 966 0 956 860
966 967 0 957 861
967 968 0 958 862
968 969 0 959 863
